File,WC,Nodes,Edges,RE,PE,L1,L2,L3,LCC,LSC,ATD,Density,Diameter,ASP,CC
1000SCN,30.0,23.0,26.0,1.1111111111111112,1.6666666666666667,0.0,0.5555555555555556,0.5555555555555556,18.11111111111111,10.777777777777779,2.2824400000000002,0.09861297952831133,7.777777777777778,3.3264447629997047,0.050033112504826206
1001SCN,30.0,23.317073170731707,26.5609756097561,0.9024390243902439,1.5121951219512195,0.34146341463414637,0.6097560975609756,0.5609756097560976,21.585365853658537,9.0,2.3096827292682915,0.09816630918256386,11.560975609756097,4.622627673615809,0.04805963730535766
1002SCN,30.0,25.272727272727273,26.363636363636363,0.45454545454545453,0.8181818181818182,0.0,0.36363636363636365,0.18181818181818182,21.272727272727273,8.818181818181818,2.0876923272727272,0.08339515556906861,11.818181818181818,4.790679140410598,0.012373737373737375
1003SCN,30.0,22.6,25.0,1.6,2.4,0.6,0.8,0.8,14.4,3.8,2.2365659,0.09316283106672121,7.8,3.3719913419913423,0.08180937991578725
1004SCN,30.0,23.625,26.416666666666668,0.5833333333333334,1.2083333333333333,0.25,0.625,0.5416666666666666,22.041666666666668,10.916666666666666,2.250792941666667,0.09501599186191101,10.5,4.311093930965213,0.038015896543070464
1006SCN,30.0,24.636363636363637,25.454545454545453,0.36363636363636365,0.6363636363636364,0.18181818181818182,0.2727272727272727,0.09090909090909091,21.181818181818183,6.363636363636363,2.084745518181818,0.08616999893679735,11.181818181818182,4.500895703256232,0.01598431871159144
1009SCN,30.0,25.0,26.375,0.9375,1.0,0.4375,0.125,0.125,19.0,9.4375,2.1159108375,0.08361504538134973,10.1875,4.236264546422416,0.021242283950617287
1010SCN,30.0,23.4,26.9,0.3,1.1,0.2,0.8,0.7,21.5,15.3,2.32973328,0.1000030779110063,8.2,3.605891180901479,0.049816676569617746
1011SCN,30.0,25.8,26.8,0.0,0.2,0.0,0.2,0.2,21.6,7.6,2.0850370600000003,0.08386151368760064,10.2,4.240166650368023,0.010133333333333334
1012SCN,30.0,23.818181818181817,27.545454545454547,1.0909090909090908,1.5454545454545454,0.18181818181818182,0.45454545454545453,0.36363636363636365,22.454545454545453,10.909090909090908,2.360034709090909,0.09899087002636973,11.545454545454545,4.643527132404138,0.028802964712055623
1013SCN,30.0,24.818181818181817,26.636363636363637,0.2727272727272727,1.0909090909090908,0.2727272727272727,0.8181818181818182,0.18181818181818182,21.181818181818183,8.0,2.1651884,0.08720936361252568,11.454545454545455,4.59592020409358,0.008016528925619833
1014SCN,30.0,24.2,26.4,0.6,0.8,0.0,0.2,0.2,22.2,9.0,2.19448098,0.09279905601644732,9.2,3.9910577237482605,0.017965367965367966
1015SCN,30.0,25.0,27.0,0.6363636363636364,0.7272727272727273,0.09090909090909091,0.09090909090909091,0.45454545454545453,22.272727272727273,10.363636363636363,2.1726993272727273,0.08848226579451875,11.727272727272727,4.744508077195824,0.025139908400777965
1017SCN,30.0,23.666666666666668,27.333333333333332,1.0,1.0,0.0,0.0,0.6666666666666666,23.666666666666668,14.0,2.3103864333333335,0.09837505489679403,11.666666666666666,4.783596837944664,0.03870772946859904
1018SCN,30.0,22.333333333333332,26.916666666666668,0.6666666666666666,1.3333333333333333,0.08333333333333333,0.6666666666666666,0.9166666666666666,20.75,13.916666666666666,2.4381878833333333,0.11002000959162085,7.833333333333333,3.433541587473812,0.0806825588528487
1020SCN,30.0,22.0,26.714285714285715,1.2857142857142858,1.4285714285714286,0.2857142857142857,0.14285714285714285,0.5714285714285714,22.0,12.0,2.4420048857142858,0.11004072386877224,9.0,3.8877138262558337,0.06095093242503693
1021SCN,30.0,21.88888888888889,27.0,1.7777777777777777,2.4444444444444446,0.2222222222222222,0.6666666666666666,0.6666666666666666,20.88888888888889,13.0,2.5360280555555557,0.11269916284551124,9.88888888888889,4.070805474865166,0.09644058818543944
1022SCN,30.0,24.555555555555557,26.77777777777778,0.3333333333333333,0.4444444444444444,0.3333333333333333,0.1111111111111111,0.6666666666666666,21.666666666666668,9.444444444444445,2.198513388888889,0.09159323006004928,11.555555555555555,4.530089840944149,0.046218898385565046
1023SCN,30.0,22.2,27.0,1.2,2.0,0.0,0.8,1.0,20.0,16.8,2.4607108799999997,0.10895689157016389,7.2,3.4684786211828884,0.06804385964912281
1024SCN,30.0,23.5,26.5,1.1666666666666667,1.6666666666666667,0.16666666666666666,0.5,0.5,17.833333333333332,10.666666666666666,2.3077181,0.09755034142075915,9.0,3.5570889014367277,0.0594873859366613
1025SCN,30.0,24.666666666666668,27.333333333333332,0.2222222222222222,0.4444444444444444,0.3333333333333333,0.2222222222222222,0.6666666666666666,22.88888888888889,12.11111111111111,2.2290003777777776,0.09236029091434722,10.333333333333334,4.318015757725903,0.06810797643506289
1027SCN,30.0,23.833333333333332,26.5,0.6666666666666666,1.5,0.0,0.8333333333333334,0.5,22.666666666666668,11.0,2.2473288333333334,0.09406930908456462,11.666666666666666,4.596933390789227,0.038091563786008226
1028SCN,30.0,23.904761904761905,26.714285714285715,0.6190476190476191,1.0476190476190477,0.38095238095238093,0.42857142857142855,0.14285714285714285,22.047619047619047,11.142857142857142,2.2518864666666665,0.09399670097719567,10.380952380952381,4.259114301270908,0.016169200135038645
1029SCN,30.0,24.6,27.066666666666666,0.3333333333333333,0.8,0.2,0.4666666666666667,0.26666666666666666,22.666666666666668,12.133333333333333,2.21363368,0.09117394682612073,10.666666666666666,4.4016895929086,0.021781818181818183
1030SCN,30.0,24.375,27.875,1.125,1.875,0.0,0.75,0.5,23.25,10.0,2.311079575,0.09336706316397392,12.0,4.788024129019552,0.05526190476190476
1031SCN,30.0,23.363636363636363,27.545454545454547,0.7272727272727273,1.2727272727272727,0.45454545454545453,0.5454545454545454,1.2727272727272727,22.454545454545453,14.0,2.374868154545455,0.10055806254474862,10.454545454545455,4.240309109254398,0.07617145480781845
1032SCN,30.0,24.8,27.2,1.0,1.4,0.0,0.4,0.2,23.2,6.6,2.22395444,0.08969200779727096,11.8,4.922089393444084,0.06015384615384615
1033SCN,30.0,22.5,28.0,0.5,1.0,0.5,0.5,1.0,22.5,13.25,2.503030275,0.11143855191338028,9.0,3.932934113940979,0.072739898989899
1034SCN,30.0,24.27777777777778,27.61111111111111,0.4444444444444444,0.8333333333333334,0.1111111111111111,0.3888888888888889,0.5,22.88888888888889,14.722222222222221,2.2876221666666674,0.09580157955443996,10.166666666666666,4.340651070345062,0.037814986200654474
1035SCN,30.0,24.083333333333332,27.375,0.6666666666666666,1.375,0.125,0.7083333333333334,0.3333333333333333,21.833333333333332,12.75,2.291766508333333,0.09514034909915918,10.5,4.370487214142652,0.027570267896354857
1036SCN,30.0,23.238095238095237,26.19047619047619,1.380952380952381,1.5714285714285714,0.23809523809523808,0.3333333333333333,0.5714285714285714,21.19047619047619,7.380952380952381,2.2973396714285714,0.09826271303195713,10.571428571428571,4.415503376673694,0.055450484963129154
1037SCN,30.0,23.142857142857142,28.0,1.2857142857142858,1.7142857142857142,0.0,0.42857142857142855,0.2857142857142857,23.142857142857142,15.714285714285714,2.4357444285714283,0.10378983335505075,8.857142857142858,3.7769689937391795,0.03090801538006507
1038SCN,30.0,23.5,26.75,1.25,2.25,0.25,1.0,1.0,22.5,7.0,2.2796146250000002,0.09220120459250894,12.75,4.971493506493506,0.07439105339105338
1039SCN,30.0,23.666666666666668,27.0,0.6666666666666666,0.6666666666666666,1.0,0.0,0.3333333333333333,20.0,10.666666666666666,2.2881818333333332,0.09525378003638874,10.333333333333334,3.9968435646454226,0.022727272727272724
1040SCN,30.0,23.875,27.5,0.75,1.125,0.125,0.375,0.5,22.25,13.625,2.3272653375,0.09882405637840419,10.375,4.21416431013685,0.06538170823885109
1042SCN,30.0,22.625,27.0,1.125,1.375,1.0,0.25,0.25,19.625,12.5,2.419339475,0.10456275283472753,8.75,3.859881439080355,0.0404474350126524
1043SCN,30.0,25.09090909090909,27.0,0.36363636363636365,0.7272727272727273,0.0,0.36363636363636365,0.6363636363636364,23.181818181818183,12.727272727272727,2.1612845454545453,0.08780328732897903,10.636363636363637,4.546219209760246,0.047801476301476305
1044SCN,30.0,23.375,26.875,1.0,1.75,0.125,0.75,0.375,21.75,12.375,2.3143220249999996,0.09697633887851279,10.125,4.270669680560985,0.03399846681096681
1046SCN,30.0,24.533333333333335,26.4,0.7333333333333333,0.8666666666666667,0.26666666666666666,0.16666666666666666,0.4,21.7,7.266666666666667,2.164921436666667,0.08873561650373246,11.833333333333334,4.781685150711085,0.03424721824069651
1047SCN,30.0,22.545454545454547,26.454545454545453,0.8181818181818182,1.8181818181818181,0.45454545454545453,1.0,0.45454545454545453,21.272727272727273,9.636363636363637,2.3565874636363633,0.10053480809461669,10.454545454545455,4.234576937520561,0.04151379284496168
1048SCN,30.0,22.75,26.375,0.625,1.0,0.0,0.375,0.75,22.5,11.0,2.3411181875,0.10519011975819755,9.75,4.044541326331944,0.06653080277686971
1050SCN,30.0,24.6,27.0,0.2,0.4,0.2,0.2,0.6,20.8,6.4,2.22536362,0.09466117921637529,12.0,4.781929438982071,0.06660579710144927
1054SCN,30.0,24.0,26.9,0.9,1.2,0.0,0.3,0.1,23.3,11.6,2.2516388099999998,0.09417809726505377,11.1,4.577864671560324,0.009333333333333332
1060SCN,30.0,23.066666666666666,27.133333333333333,1.1333333333333333,1.4,0.2,0.26666666666666666,0.3333333333333333,21.133333333333333,14.133333333333333,2.370078640000001,0.10171386745299789,8.733333333333333,3.7002900306645086,0.03141811071376289
1064SCN,30.0,24.473684210526315,26.105263157894736,0.2631578947368421,0.6842105263157895,0.05263157894736842,0.42105263157894735,0.6842105263157895,22.0,7.2631578947368425,2.1453628526315796,0.0896134181946539,10.736842105263158,4.395754478821371,0.05703836913210892
1070SCN,30.0,23.9,26.4,0.35,0.95,0.15,0.6,0.55,21.2,9.8,2.2384622700000003,0.0956046010943036,9.45,4.041341788567694,0.05820088479689929
1072SCN,30.0,24.428571428571427,26.571428571428573,0.5714285714285714,1.0714285714285714,0.14285714285714285,0.5,0.35714285714285715,20.785714285714285,8.214285714285714,2.20539995,0.09146055165419432,9.928571428571429,4.223424122055836,0.04246508016176753
1073SCN,30.0,24.142857142857142,25.928571428571427,0.2857142857142857,0.5714285714285714,0.35714285714285715,0.2857142857142857,0.42857142857142855,22.071428571428573,8.214285714285714,2.17619345,0.09226131672508109,10.642857142857142,4.3233624382313876,0.026808864013832957
1085SCN,30.0,25.9,27.0,0.3,0.7,0.0,0.4,0.4,21.5,11.0,2.09809855,0.08283761793207071,11.3,4.668078439316425,0.03473070316693506
1088SCN,30.0,23.0,27.75,0.25,0.75,0.25,0.5,0.75,23.0,16.25,2.4270289500000004,0.10728208862076138,8.25,3.5541456903127386,0.0675
1089SCN,30.0,23.195121951219512,27.21951219512195,1.024390243902439,1.5609756097560976,0.2926829268292683,0.5365853658536586,0.4878048780487805,21.4390243902439,12.414634146341463,2.3801897756097556,0.10193259137982276,9.951219512195122,4.162483684774411,0.045405787774368295
1090SCN,30.0,23.714285714285715,27.714285714285715,0.5714285714285714,1.0,0.2857142857142857,0.42857142857142855,0.8571428571428571,23.428571428571427,15.714285714285714,2.370146571428571,0.10115966111062548,10.142857142857142,4.313437167121378,0.051732077446363156
1091SCN,30.0,24.76923076923077,27.23076923076923,0.7692307692307693,1.3076923076923077,0.3076923076923077,0.5384615384615384,0.5384615384615384,21.076923076923077,11.384615384615385,2.2361206615384615,0.09020613591929744,11.538461538461538,4.743122683026025,0.04684870684870684
1092SCN,30.0,23.90909090909091,27.454545454545453,0.45454545454545453,1.0909090909090908,0.36363636363636365,0.6363636363636364,0.8181818181818182,22.09090909090909,13.909090909090908,2.3058269272727276,0.09574221269873444,10.0,4.170188698871135,0.05651537076108881
1093SCN,30.0,24.5,27.392857142857142,0.75,1.0714285714285714,0.42857142857142855,0.4642857142857143,0.25,21.571428571428573,12.5,2.2565644178571427,0.09173945736381624,10.714285714285714,4.402435906455914,0.026702655479441194
1094SCN,30.0,24.11111111111111,27.666666666666668,0.4444444444444444,1.1111111111111112,0.0,0.6666666666666666,0.3333333333333333,21.88888888888889,14.11111111111111,2.313474511111111,0.09722054066320532,8.88888888888889,3.8133683464798014,0.031084080975385325
1095SCN,30.0,25.76923076923077,27.307692307692307,0.23076923076923078,0.5384615384615384,0.0,0.3076923076923077,0.38461538461538464,22.923076923076923,12.692307692307692,2.1391934384615388,0.08598308357966991,11.923076923076923,4.844675914824443,0.033636814071596674
1096SCN,30.0,20.75,27.25,1.5,1.75,0.0,0.25,1.0,20.75,13.75,2.6746918,0.1305498985878243,8.75,3.447594710930624,0.08024064171122994
1097SCN,30.0,24.257142857142856,27.085714285714285,0.8571428571428571,1.2571428571428571,0.2571428571428571,0.42857142857142855,0.34285714285714286,21.485714285714284,9.628571428571428,2.2509661600000004,0.09235042270721514,10.342857142857143,4.2730372455145265,0.02842343705677039
1099SCN,30.0,20.8,27.533333333333335,1.4666666666666666,2.2,0.0,0.7333333333333333,0.9333333333333333,20.133333333333333,15.666666666666666,2.68233512,0.12679022532434833,7.466666666666667,3.2147063511163654,0.10293013973266073
1100SCN,30.0,23.77777777777778,27.555555555555557,0.7777777777777778,0.8888888888888888,0.0,0.1111111111111111,0.4444444444444444,22.22222222222222,13.777777777777779,2.3494977666666665,0.1018202909049591,10.0,4.151904177881803,0.03044144549407707
1101SCN,30.0,23.875,27.0,0.125,1.0,0.125,0.875,0.75,22.125,10.75,2.2729866249999997,0.09583803877282138,9.0,3.920596685250407,0.061254717504717504
1102SCN,30.0,25.0,27.4,0.8,0.8,0.0,0.0,0.2,23.0,13.2,2.2103268,0.0905310591457518,11.4,4.664667131674804,0.0271055900621118
1103SCN,30.0,22.555555555555557,26.5,0.3333333333333333,1.4444444444444444,0.2222222222222222,1.1111111111111112,0.7777777777777778,21.11111111111111,12.11111111111111,2.3796140333333327,0.10505212408781005,8.222222222222221,3.545332657570359,0.0628226253676783
1104SCN,30.0,22.333333333333332,26.833333333333332,0.5,1.1666666666666667,0.16666666666666666,0.6666666666666666,0.5,20.166666666666668,12.666666666666666,2.4310355,0.11030522434031208,7.833333333333333,3.4482608035239615,0.04961836409204831
1105SCN,30.0,24.11627906976744,25.953488372093023,0.9534883720930233,1.2790697674418605,0.20930232558139536,0.32558139534883723,0.3488372093023256,19.674418604651162,7.023255813953488,2.1911030116279067,0.09160503504574664,11.069767441860465,4.449300883438565,0.029435269725967394
1106SCN,30.0,24.954545454545453,26.545454545454547,0.7272727272727273,0.8181818181818182,0.18181818181818182,0.09090909090909091,0.45454545454545453,20.863636363636363,7.545454545454546,2.143748490909091,0.08705072649600389,10.363636363636363,4.343446787504534,0.03398722676094217
1107SCN,30.0,22.857142857142858,26.571428571428573,0.42857142857142855,1.4285714285714286,0.0,1.0,0.7142857142857143,22.0,9.571428571428571,2.346557942857143,0.10315598425765148,9.714285714285714,4.143247257990638,0.062316462005903
1108SCN,30.0,23.033333333333335,26.633333333333333,1.1666666666666667,1.6666666666666667,0.3,0.5666666666666667,0.6333333333333333,21.2,11.0,2.3511775900000003,0.10072578555887211,10.533333333333333,4.322103722792913,0.0447417613343303
1109SCN,30.0,24.0,26.25,0.4375,0.8125,0.875,0.6875,0.4375,22.6875,7.625,2.2090322687499997,0.09075674241006049,12.0,4.803990954353511,0.03210446662255873
1110SCN,30.0,22.642857142857142,26.75,1.5357142857142858,2.107142857142857,0.42857142857142855,0.7142857142857143,0.42857142857142855,19.714285714285715,11.75,2.3980221928571437,0.10225533251498102,9.25,3.8782972210867954,0.03550341186574627
1111SCN,30.0,24.2,26.933333333333334,0.8666666666666667,1.4666666666666666,0.13333333333333333,0.6,0.4666666666666667,21.733333333333334,13.066666666666666,2.23460222,0.09097570813512841,9.6,4.0967230599426046,0.04133261589904102
1113SCN,30.0,24.5,27.115384615384617,0.5769230769230769,0.8461538461538461,0.15384615384615385,0.3076923076923077,0.46153846153846156,21.96153846153846,11.76923076923077,2.2404536807692312,0.09358755236350852,10.307692307692308,4.30071574485423,0.043856710577207476
1114SCN,30.0,24.785714285714285,26.714285714285715,0.5,1.0,0.14285714285714285,0.5,0.5714285714285714,21.5,10.642857142857142,2.1824311,0.088980731541174,11.714285714285714,4.7358812412316125,0.050067369943146346
1115SCN,30.0,22.0,26.0,0.0,1.3333333333333333,0.3333333333333333,1.3333333333333333,2.0,21.0,6.666666666666667,2.3782608333333335,0.1071007558421746,9.333333333333334,3.949351639969489,0.13428226363008972
1116SCN,30.0,21.666666666666668,27.333333333333332,0.6666666666666666,1.0,0.0,0.3333333333333333,1.0,21.666666666666668,13.666666666666666,2.5286404,0.1183825835999749,7.333333333333333,3.2954263128176167,0.09188712522045855
1117SCN,30.0,22.5,26.5,0.5,2.0,0.0,1.5,1.0,21.5,10.5,2.4,0.10482456140350876,9.5,4.070002080299563,0.05652777777777779
1118SCN,30.0,23.036363636363635,27.436363636363637,0.5636363636363636,1.5636363636363637,0.3090909090909091,1.018181818181818,0.6,21.98181818181818,13.454545454545455,2.4146670327272726,0.10394566863028089,9.50909090909091,3.972147458328077,0.05040703764927664
1119SCN,30.0,23.5,27.0,0.0,0.5,0.0,0.5,1.5,21.5,17.5,2.2989129999999998,0.10029644268774704,8.0,3.284543374245892,0.09686206004140786
1120SCN,30.0,22.3,26.8,0.4,1.0,0.2,0.6,0.9,20.2,13.2,2.41839723,0.10955120563816216,7.4,3.4007792207792207,0.08025324227187583
1121SCN,30.0,24.875,27.0,0.3125,0.75,0.25,0.4375,0.5,22.6875,12.1875,2.1813274687499997,0.088681155800721,12.3125,4.7675725080602085,0.026557036713286714
1122SCN,30.0,23.25,26.75,0.5,1.25,0.5,1.0,0.5,22.75,7.5,2.313823875,0.0975407201494158,10.25,4.09413485065659,0.050264771460423636
1123SCN,30.0,24.785714285714285,27.214285714285715,0.2857142857142857,0.8571428571428571,0.2857142857142857,0.5714285714285714,0.2857142857142857,22.928571428571427,11.857142857142858,2.2094229928571427,0.08983864191938726,11.071428571428571,4.518961564030647,0.020010366051182376
1124SCN,30.0,22.46153846153846,26.46153846153846,0.7692307692307693,1.6153846153846154,0.23076923076923078,0.8461538461538461,0.9230769230769231,21.153846153846153,8.846153846153847,2.383992407692307,0.10460331589192498,9.384615384615385,3.842920994447808,0.07978162823700582
1125SCN,30.0,25.666666666666668,27.083333333333332,0.3333333333333333,0.5833333333333334,0.0,0.25,0.4166666666666667,23.166666666666668,12.416666666666666,2.120688683333334,0.08480153737649991,11.166666666666666,4.607838829573698,0.034465848965848964
1126SCN,30.0,25.0,27.333333333333332,0.3333333333333333,1.0,0.0,0.6666666666666666,1.3333333333333333,24.0,9.0,2.1975309000000003,0.08870101986044016,12.333333333333334,5.099033816425121,0.1263227513227513
1127SCN,30.0,23.78787878787879,27.09090909090909,0.7878787878787878,1.0303030303030303,0.06060606060606061,0.24242424242424243,0.5757575757575758,22.060606060606062,11.303030303030303,2.2937540454545453,0.0976322232088129,10.636363636363637,4.291389451888786,0.04299691920894631
1128SCN,30.0,25.625,27.25,0.125,0.3125,0.0,0.1875,0.3125,22.5,11.3125,2.14285713125,0.08736522722654656,11.5625,4.606552856708159,0.028189564059129275
1129SCN,30.0,25.4,27.6,0.4,0.6,0.0,0.2,0.8,22.8,12.2,2.1873374599999997,0.08874216282911936,11.6,4.744747455443107,0.06266459627329193
1130SCN,30.0,25.3125,27.34375,0.5625,1.0,0.0625,0.4375,0.21875,22.6875,11.5,2.181687921875,0.0874794941909329,11.71875,4.7573371689876724,0.023883097634313313
1131SCN,30.0,24.434782608695652,27.565217391304348,0.43478260869565216,0.782608695652174,0.17391304347826086,0.34782608695652173,0.6086956521739131,22.652173913043477,11.826086956521738,2.272726130434782,0.09479417872612578,10.608695652173912,4.3678984769343945,0.05398206613802077
1133SCN,30.0,25.153846153846153,27.384615384615383,0.38461538461538464,0.6923076923076923,0.07692307692307693,0.3076923076923077,0.23076923076923078,23.615384615384617,9.384615384615385,2.195696284615385,0.08937971573653732,11.923076923076923,4.815415230422115,0.01775907935328225
1134SCN,30.0,24.6,27.1,0.3,0.6,0.3,0.3,0.2,22.8,9.8,2.2202521499999994,0.09204962958052201,11.8,4.73231275055989,0.02703962703962704
1135SCN,30.0,24.0,27.666666666666668,0.7777777777777778,1.0,0.2222222222222222,0.2222222222222222,0.3333333333333333,23.333333333333332,13.555555555555555,2.3226474111111113,0.0976169342988565,10.777777777777779,4.441569884476063,0.035489417989417994
1136SCN,30.0,23.875,27.25,0.25,0.75,0.375,0.5,0.375,23.625,10.0,2.2873187875,0.09618906455862976,11.0,4.561009552042161,0.029063146997929605
1137SCN,30.0,23.375,26.625,0.375,0.875,0.125,0.5,1.0,20.25,9.5,2.318159175,0.10276728111530913,10.25,4.085720619483491,0.06576483781918564
1138SCN,30.0,23.928571428571427,26.428571428571427,1.0,1.2857142857142858,0.07142857142857142,0.2857142857142857,0.5,21.0,7.428571428571429,2.2615119714285714,0.09634527220214582,11.785714285714286,4.720306674212218,0.03826898158530812
1139SCN,30.0,23.25,27.0,0.25,0.5,0.25,0.25,0.25,23.25,15.0,2.3246047,0.10156691134952003,8.25,3.7694099378881982,0.0565340909090909
1140SCN,30.0,21.8,27.0,1.0,2.4,0.4,1.4,0.8,20.8,13.0,2.5037160999999997,0.10992359026683969,9.0,3.969939109961994,0.025764411027568924
1141SCN,30.0,22.0,26.818181818181817,1.0909090909090908,1.7272727272727273,0.36363636363636365,0.6363636363636364,0.6363636363636364,21.545454545454547,13.545454545454545,2.456727027272727,0.10891891664722952,9.272727272727273,3.887484296439986,0.055530118130705346
1142SCN,30.0,24.166666666666668,26.833333333333332,0.4166666666666667,0.6666666666666666,0.5,0.25,0.5,22.0,10.5,2.2487071583333336,0.0946700922463699,10.833333333333334,4.517138537234557,0.04967619077887956
1143SCN,30.0,24.928571428571427,26.428571428571427,0.35714285714285715,0.5714285714285714,0.14285714285714285,0.21428571428571427,0.42857142857142855,20.142857142857142,8.785714285714286,2.1447210500000007,0.08913850691014742,11.285714285714286,4.476865794575446,0.03157352740427275
1144SCN,30.0,23.5,27.0,2.0,2.0,0.5,0.0,0.0,18.0,9.5,2.3241758,0.09476190476190477,10.5,4.0285714285714285,0.0
1145SCN,30.0,25.333333333333332,26.416666666666668,0.0,0.08333333333333333,0.16666666666666666,0.08333333333333333,0.5,22.75,8.583333333333334,2.0914203083333334,0.08560842807219621,12.25,4.784152243039711,0.03222573702465007
1146SCN,30.0,23.05,26.0,0.8,1.7,0.25,0.9,0.45,19.9,8.6,2.2849529649999996,0.09756585744114347,8.95,3.7848151604344564,0.05609119439830729
1147SCN,30.0,24.0,26.833333333333332,1.0,1.3333333333333333,0.0,0.3333333333333333,0.6666666666666666,20.5,11.333333333333334,2.23741545,0.09250109793588053,9.0,3.7147874740585736,0.03858408097538532
1148SCN,30.0,24.5625,26.25,0.4375,1.375,0.125,0.9375,0.4375,21.625,5.875,2.1612145125000004,0.08774021771304383,11.4375,4.574505941606914,0.029026157044014185
1149SCN,30.0,23.444444444444443,26.333333333333332,0.8888888888888888,1.5555555555555556,0.1111111111111111,0.6666666666666666,0.1111111111111111,22.555555555555557,10.0,2.2810533555555557,0.09710969342548288,10.666666666666666,4.354855362922996,0.017954144620811283
1150SCN,30.0,24.333333333333332,26.833333333333332,0.6111111111111112,0.7777777777777778,0.2222222222222222,0.16666666666666666,0.2777777777777778,20.5,10.277777777777779,2.2118771833333333,0.09164611377171764,9.11111111111111,3.8807562422488164,0.03495048309178744
1151SCN,30.0,24.058823529411764,26.176470588235293,0.5294117647058824,1.1764705882352942,0.17647058823529413,0.6470588235294118,0.5882352941176471,20.647058823529413,8.529411764705882,2.2179667,0.09343292922802475,11.235294117647058,4.490700474452107,0.05980547318934131
1152SCN,30.0,22.9,26.5,0.7,1.55,0.15,0.85,1.1,19.6,11.1,2.3480481699999998,0.10232970165693278,8.45,3.696738366589962,0.07617014966355709
1153SCN,30.0,24.225806451612904,26.516129032258064,0.6129032258064516,1.032258064516129,0.1935483870967742,0.41935483870967744,0.3548387096774194,21.193548387096776,9.096774193548388,2.2109024193548383,0.09215027008265368,10.548387096774194,4.341993004045684,0.033689761306170844
1155SCN,30.0,21.733333333333334,26.8,0.6666666666666666,1.6,0.26666666666666666,0.9333333333333333,0.7333333333333333,21.4,14.0,2.4812397600000002,0.11214608766096176,8.4,3.6613933222319273,0.04611074384834873
1156SCN,30.0,20.666666666666668,26.666666666666668,1.3333333333333333,3.3333333333333335,0.0,2.0,0.6666666666666666,18.333333333333332,14.666666666666666,2.5825397,0.11528822055137844,6.0,2.675914144335197,0.0521384479717813
1157SCN,30.0,25.142857142857142,25.642857142857142,0.6428571428571429,0.9285714285714286,0.07142857142857142,0.2857142857142857,0.2857142857142857,22.285714285714285,6.714285714285714,2.053248707142857,0.08249669929794154,11.785714285714286,4.820015209083533,0.031137215958644528
1158SCN,30.0,24.571428571428573,26.857142857142858,0.42857142857142855,0.8571428571428571,0.2857142857142857,0.42857142857142855,0.2857142857142857,24.285714285714285,9.0,2.1906784428571426,0.0892094861660079,12.142857142857142,4.723378215986911,0.02040816326530612
1159SCN,30.0,22.9,26.4,1.2,1.7,0.1,0.5,0.5,21.3,11.0,2.33649921,0.10205016009202306,10.4,4.324661581430192,0.0292564987347596
1160SCN,30.0,24.846153846153847,26.23076923076923,0.3076923076923077,0.6923076923076923,0.46153846153846156,0.5384615384615384,0.38461538461538464,22.23076923076923,5.615384615384615,2.122130546153846,0.08568708264360438,11.76923076923077,4.692278717942178,0.03203542990722478
1161SCN,30.0,22.636363636363637,26.818181818181817,1.0909090909090908,1.6363636363636365,0.18181818181818182,0.5454545454545454,0.7272727272727273,22.09090909090909,10.363636363636363,2.380931572727273,0.103287032409146,10.272727272727273,4.104611676294272,0.0478073177313868
1162SCN,30.0,23.2,26.3,1.0,1.5,0.2,0.5,0.5,21.0,8.3,2.306553159999999,0.09907569758828341,10.4,4.158345187552013,0.040276314780510046
1163SCN,30.0,24.526315789473685,26.36842105263158,0.7368421052631579,1.105263157894737,0.15789473684210525,0.3684210526315789,0.5263157894736842,21.105263157894736,7.947368421052632,2.1710639315789475,0.08898955171627698,10.789473684210526,4.400103463952818,0.04503490222521497
1164SCN,30.0,24.77777777777778,26.11111111111111,0.6666666666666666,0.7777777777777778,0.3333333333333333,0.1111111111111111,0.2777777777777778,21.333333333333332,7.444444444444445,2.1228293166666665,0.08632924509736103,10.61111111111111,4.5106476216761,0.023961050355977894
1165SCN,30.0,22.714285714285715,27.142857142857142,1.4285714285714286,1.5714285714285714,0.42857142857142855,0.14285714285714285,0.5714285714285714,22.142857142857142,13.142857142857142,2.437068557142857,0.10657772199789006,9.142857142857142,3.9679747180646174,0.060299482111685246
1166SCN,30.0,22.0,27.5,0.75,1.5,0.25,0.75,1.0,22.0,17.0,2.5219565,0.1141540115109909,8.25,3.597490118577075,0.07500000000000001
1167SCN,30.0,25.416666666666668,27.166666666666668,0.3333333333333333,0.5833333333333334,0.16666666666666666,0.25,0.3333333333333333,23.666666666666668,12.583333333333334,2.1512197000000004,0.08658452658452657,11.75,4.832926763111736,0.02216925809920979
1168SCN,30.0,22.727272727272727,27.363636363636363,0.6363636363636364,1.1818181818181819,0.2727272727272727,0.5454545454545454,0.45454545454545453,21.272727272727273,16.545454545454547,2.4285960727272733,0.10691164532021614,8.272727272727273,3.582830931962835,0.030209065345428984
1169SCN,30.0,23.833333333333332,27.61111111111111,0.7222222222222222,1.0555555555555556,0.0,0.3333333333333333,0.5,22.833333333333332,13.444444444444445,2.3339180222222224,0.09928708186653776,9.944444444444445,4.1041388993552435,0.048233710557318496
1170SCN,30.0,23.22222222222222,27.444444444444443,0.6666666666666666,1.0,0.3333333333333333,0.3333333333333333,0.7777777777777778,23.22222222222222,15.222222222222221,2.381666011111111,0.10269913689440766,10.0,4.277975696366237,0.05866820836309777
1171SCN,30.0,24.19047619047619,26.61904761904762,0.5238095238095238,1.2857142857142858,0.19047619047619047,0.7619047619047619,0.42857142857142855,22.428571428571427,8.047619047619047,2.2213309571428574,0.09145706411806442,11.761904761904763,4.7400130479198355,0.0396386222473179
1172SCN,30.0,21.666666666666668,27.666666666666668,2.3333333333333335,3.0,0.3333333333333333,0.6666666666666666,0.6666666666666666,21.0,13.0,2.572222233333333,0.11022665359049799,8.333333333333334,3.6135562335791165,0.06388888888888888
1173SCN,30.0,23.833333333333332,26.833333333333332,1.1666666666666667,1.5,0.16666666666666666,0.3333333333333333,0.5,20.333333333333332,13.0,2.28828305,0.09586945528974515,10.166666666666666,4.205960269483287,0.040895061728395056
1174SCN,30.0,24.5,27.25,0.0,0.0,0.25,0.0,0.25,24.25,14.0,2.233828725,0.09490274218535089,9.75,4.176943925639578,0.02765151515151515
1175SCN,30.0,25.0,27.3,0.3,0.4,0.1,0.1,0.3,23.4,11.1,2.1900301000000004,0.08997414501762327,11.0,4.360442641099795,0.026646108722195683
1176SCN,30.0,24.0,27.0,1.0,1.5,0.0,0.5,0.16666666666666666,23.166666666666668,11.333333333333334,2.2634878,0.09350642111511676,12.0,4.75595262225697,0.013888888888888888
1177SCN,30.0,26.0,26.875,0.25,0.5,0.25,0.25,0.25,23.125,12.25,2.0720228,0.08089573268921095,12.0,4.983411711420276,0.021770833333333333
1178SCN,30.0,24.2,27.4,0.8,1.0,0.4,0.2,0.6,20.6,12.0,2.28076926,0.09416253311905486,8.8,3.692123735913209,0.04169990503323836
1179SCN,30.0,22.0,27.4,1.6,2.2,0.0,0.6,1.0,21.4,13.2,2.52056458,0.11107019194891048,8.6,3.5960033152710493,0.07875879091668564
1180SCN,30.0,23.583333333333332,26.75,0.4166666666666667,1.4166666666666667,0.0,1.0,0.5833333333333334,22.166666666666668,13.083333333333334,2.2836040583333337,0.09669347560651907,10.416666666666666,4.150652644456993,0.05128648697748076
1181SCN,30.0,18.0,26.0,4.0,5.5,0.0,1.5,0.0,16.5,13.5,2.8916408000000002,0.13418042655658755,5.5,2.5504901960784316,0.0
1182SCN,30.0,24.785714285714285,26.785714285714285,0.42857142857142855,0.8571428571428571,0.0,0.42857142857142855,0.21428571428571427,22.5,12.214285714285714,2.1721734214285715,0.08910050956634807,10.642857142857142,4.24898558653217,0.01980199177404146
1183SCN,30.0,23.25,26.75,0.875,1.25,0.125,0.375,0.375,22.625,14.25,2.3329097375,0.1004528693339435,8.625,3.6391839900295784,0.051315918929555296
1185SCN,30.0,24.666666666666668,26.333333333333332,1.3333333333333333,1.3333333333333333,0.0,0.0,0.0,21.333333333333332,8.666666666666666,2.1709402,0.08835164835164834,9.666666666666666,4.110079546692819,0.0
1186SCN,30.0,26.714285714285715,26.428571428571427,0.42857142857142855,0.7142857142857143,0.14285714285714285,0.2857142857142857,0.14285714285714285,19.285714285714285,5.285714285714286,1.9851651857142858,0.07492647536339976,11.0,4.531698468978626,0.011538461538461539
1187SCN,30.0,25.636363636363637,26.727272727272727,0.36363636363636365,0.6363636363636364,0.2727272727272727,0.2727272727272727,0.45454545454545453,23.363636363636363,9.0,2.0889285454545456,0.0821766001226271,12.727272727272727,4.964463865606022,0.04384304584304584
1188SCN,30.0,24.5,26.2,0.4,0.6,0.1,0.2,0.4,20.6,13.4,2.16202769,0.09095833457160687,8.6,3.9092348323144526,0.04695502645502646
1189SCN,30.0,25.0,27.333333333333332,0.0,0.6666666666666666,0.3333333333333333,0.6666666666666666,0.3333333333333333,23.333333333333332,12.0,2.194444433333333,0.08870101986044016,12.0,4.709972394755003,0.02361111111111111
1190SCN,30.0,25.6,27.0,0.5,0.7,0.2,0.2,0.5,22.9,6.6,2.14276843,0.0863708216376882,13.2,5.201747294573382,0.037153402153402154
1191SCN,30.0,24.4,27.8,0.6,1.0,0.4,0.4,0.8,22.8,13.2,2.3073703,0.09552221291951427,10.8,4.721455674760022,0.047296854973873606
1192SCN,30.0,23.0,26.0,0.0,0.0,0.0,0.0,1.0,21.0,20.0,2.2608695,0.10276679841897234,7.0,3.0619047619047626,0.11835748792270531
1193SCN,30.0,25.4,27.1,0.3,0.6,0.0,0.3,0.2,23.9,10.8,2.13910465,0.08600928057449796,11.4,4.592326325848066,0.02336655518394649
1195SCN,30.0,23.5,27.5,1.0,1.5,0.0,0.5,0.5,23.5,11.0,2.35272725,0.09961038961038962,11.5,4.845541125541125,0.016666666666666666
1196SCN,30.0,24.75,26.75,0.5,1.0,0.375,0.625,0.25,20.375,14.375,2.18222825,0.08828032421853932,9.125,3.9829022356499135,0.018108695652173913
1197SCN,30.0,22.625,26.625,1.125,1.75,0.25,0.625,0.875,18.75,10.875,2.386227275,0.10438659569094352,8.0,3.4888393969814757,0.07155490141147218
1198SCN,30.0,23.2,26.8,0.6,1.4,0.4,0.8,0.4,22.6,11.2,2.3197391,0.09793600602296254,12.6,4.760735950548308,0.03159420289855073
1199SCN,30.0,21.333333333333332,27.0,1.0,2.0,0.3333333333333333,1.0,1.0,18.333333333333332,14.0,2.531024533333333,0.11356421356421358,7.666666666666667,3.240945604103499,0.08063973063973064
1200SCN,30.0,25.0,26.375,0.625,1.0,0.25,0.5,0.375,19.5,5.5,2.1521682,0.08753469466944966,10.875,4.431095415305942,0.03691326530612245
1201SCN,30.0,25.058823529411764,26.470588235294116,0.5882352941176471,0.8235294117647058,0.058823529411764705,0.23529411764705882,0.5294117647058824,21.11764705882353,7.882352941176471,2.1192680529411767,0.08559634076258116,11.470588235294118,4.550680356427231,0.038850317272951546
1202SCN,30.0,22.333333333333332,26.5,1.1666666666666667,1.6666666666666667,0.16666666666666666,0.5,0.8333333333333334,20.5,9.166666666666666,2.3967464166666668,0.10533406969333743,9.5,3.793140102121796,0.06865253411306042
1203SCN,30.0,24.647058823529413,26.58823529411765,0.7058823529411765,1.0588235294117647,0.23529411764705882,0.35294117647058826,0.29411764705882354,21.58823529411765,8.352941176470589,2.1993586764705886,0.09067248635572106,11.588235294117647,4.588746037672225,0.028928994880551978
1204SCN,30.0,25.88888888888889,26.0,0.4444444444444444,0.5555555555555556,0.0,0.1111111111111111,0.2222222222222222,21.88888888888889,7.777777777777778,2.0194544666666667,0.0800979580756359,11.777777777777779,4.8731878664103725,0.015814814814814816
1205SCN,30.0,23.444444444444443,27.0,1.0,1.8888888888888888,0.1111111111111111,0.8888888888888888,0.5555555555555556,21.333333333333332,9.444444444444445,2.3282974333333337,0.09739480641590989,11.666666666666666,4.585920057567655,0.03728177492479552
1206SCN,30.0,25.90909090909091,26.272727272727273,0.9090909090909091,1.0,0.0,0.09090909090909091,0.45454545454545453,21.727272727272727,4.2727272727272725,2.055423290909091,0.08058212268652502,13.454545454545455,5.413978239590889,0.035587307684213774
1207SCN,30.0,24.8,26.2,0.8,1.4,0.6,0.8,0.0,17.2,7.8,2.1230059399999996,0.08284318579970754,9.6,4.183761238761238,0.0061111111111111106
1208SCN,30.0,22.22222222222222,25.555555555555557,1.1111111111111112,1.5555555555555556,0.1111111111111111,0.4444444444444444,0.5555555555555556,21.444444444444443,7.222222222222222,2.3182006333333334,0.10279641114881391,10.11111111111111,4.248703206559805,0.05590649931393093
1209SCN,30.0,25.0,26.75,0.25,1.25,0.0,1.0,0.5,21.0,10.125,2.159674325,0.08679089429089429,10.0,4.215327579440347,0.03267461704961705
1211SCN,30.0,22.5,27.0,1.0,1.0,0.0,0.0,0.5,22.5,11.0,2.40118575,0.10747223790702051,9.5,3.791831357048748,0.04565217391304348
1212SCN,30.0,25.4,25.9,0.1,0.4,0.0,0.3,0.6,20.7,5.0,2.05513386,0.08404401556575469,11.4,4.6215308990526385,0.046773172720998804
1214SCN,30.0,25.181818181818183,25.454545454545453,0.2727272727272727,0.45454545454545453,0.18181818181818182,0.18181818181818182,0.6363636363636364,21.363636363636363,5.2727272727272725,2.0428853727272727,0.08403329359851099,11.545454545454545,4.732086219299657,0.04086749563881128
1215SCN,30.0,24.333333333333332,26.333333333333332,0.3333333333333333,0.3333333333333333,0.0,0.0,1.0,23.666666666666668,9.0,2.164637666666667,0.09162055335968379,12.0,4.5311111111111115,0.0863961352657005
1216SCN,30.0,25.833333333333332,26.25,0.08333333333333333,0.3333333333333333,0.25,0.25,0.5833333333333334,20.75,6.333333333333333,2.0427272666666663,0.08124195986514827,12.666666666666666,5.060266579657312,0.04138428443984
1217SCN,30.0,24.8,26.066666666666666,0.5333333333333333,1.0,0.2,0.4666666666666667,0.3333333333333333,21.533333333333335,8.466666666666667,2.1198157066666665,0.0855772118380814,10.866666666666667,4.431861723953796,0.027147753388354894
1218SCN,30.0,24.4,26.8,0.6,1.0,0.0,0.4,0.2,23.6,10.6,2.2225698200000004,0.09330451733197728,10.2,4.275732671599949,0.012023809523809523
1219SCN,30.0,25.5,27.0,0.5,0.75,0.25,0.25,0.5,18.25,6.25,2.13619395,0.0851157101269545,12.0,4.6298773690078034,0.036992521367521375
1220SCN,30.0,23.75,26.25,0.25,1.5,0.25,1.25,0.75,21.25,12.25,2.231666675,0.09324561403508771,11.25,4.609982800137598,0.03239697802197802
1222SCN,30.0,24.333333333333332,27.333333333333332,0.4166666666666667,1.3333333333333333,0.08333333333333333,0.9166666666666666,0.5,22.75,13.583333333333334,2.2618749916666667,0.09278575021328644,10.083333333333334,4.061590094017631,0.0462479199056933
1223SCN,30.0,24.0,26.625,0.5,1.0,0.125,0.5,1.125,21.75,14.25,2.2612322,0.09679886047692952,9.625,3.9420470981963946,0.08669308632543926
1224SCN,30.0,22.142857142857142,27.357142857142858,1.7142857142857142,2.5714285714285716,0.07142857142857142,0.8571428571428571,0.5714285714285714,20.428571428571427,14.285714285714286,2.5279421,0.1115287650161119,8.071428571428571,3.5720981367375324,0.04827108856509805
1225SCN,30.0,22.823529411764707,27.470588235294116,0.8823529411764706,1.8235294117647058,0.11764705882352941,0.9411764705882353,0.8235294117647058,21.88235294117647,14.411764705882353,2.43924225882353,0.10597859572014907,9.058823529411764,3.8641024826891823,0.06242149019652241
1226SCN,30.0,22.75,27.75,0.75,2.0,0.0,1.25,1.0,22.0,16.0,2.4819013500000002,0.10814871627228607,8.75,3.786789519913089,0.07014633916807829
1228SCN,30.0,22.3125,27.5625,1.125,1.5625,0.25,0.5625,1.1875,21.125,15.8125,2.5292166937499996,0.11443209114212427,8.0,3.4815983866756177,0.12235526706189606
1229SCN,30.0,24.625,27.4375,0.3125,0.75,0.3125,0.4375,0.4375,23.3125,12.375,2.24602821875,0.09252993584515323,11.0625,4.529076555912941,0.03678257506382506
1230SCN,30.0,25.0,27.5,0.0,0.0,0.5,0.0,1.0,23.5,9.0,2.21739125,0.09237300541648368,9.0,4.370223978919631,0.09104084321475625
1231SCN,30.0,23.8125,27.5,0.3125,1.25,0.1875,0.9375,0.8125,21.6875,14.75,2.33428804375,0.09824963434946271,9.4375,3.985458716321257,0.07759047103689962
1232SCN,30.0,22.0,28.0,0.3333333333333333,1.6666666666666667,0.0,1.3333333333333333,2.3333333333333335,22.0,15.0,2.559595933333333,0.1154293837360199,7.333333333333333,3.1802064449661707,0.18275813692480358
1233SCN,30.0,22.733333333333334,27.133333333333333,0.9333333333333333,2.2,0.0,1.2666666666666666,1.0666666666666667,21.333333333333332,12.466666666666667,2.433124446666667,0.10465963173891564,8.733333333333333,3.7260839073232392,0.09740928261218115
1234SCN,30.0,22.0,28.0,1.0,1.5,0.0,0.5,1.0,22.0,15.5,2.5507245999999997,0.11526444569922831,9.0,3.6644174665913796,0.07426303854875284
1235SCN,30.0,23.7,27.3,0.6,1.2,0.0,0.6,1.0,22.8,13.3,2.32843695,0.09956818111966852,9.3,3.8270530153802467,0.08526363800620093
1236SCN,30.0,22.833333333333332,27.666666666666668,1.1666666666666667,2.6666666666666665,0.5,1.6666666666666667,0.3333333333333333,22.833333333333332,14.333333333333334,2.440503383333333,0.09956063302745226,10.833333333333334,4.30976334666266,0.028900754301211962
1237SCN,30.0,25.9,26.8,0.2,0.5,0.2,0.3,0.2,23.6,8.7,2.08201926,0.08216334634325638,11.9,4.896723642181444,0.026304589371980675
1238SCN,30.0,26.0,26.6,0.2,0.8,0.0,0.6,0.4,22.0,10.0,2.04985186,0.07973888269540444,12.4,4.983087719298246,0.0268
1240SCN,30.0,24.5625,27.375,0.75,1.1875,0.0625,0.4375,0.3125,24.1875,12.25,2.2539826625,0.0923206213123261,12.25,5.031419607201215,0.021882665945165948
1241SCN,30.0,22.5,26.5,1.5,3.5,0.0,2.0,0.5,19.5,10.5,2.35573115,0.09504987765857331,9.5,3.9285714285714284,0.046536796536796536
1242SCN,30.0,24.444444444444443,27.0,0.6666666666666666,1.0,0.0,0.3333333333333333,0.3333333333333333,22.0,12.444444444444445,2.2323832444444442,0.09313094313094313,9.777777777777779,4.120655822692436,0.024324514991181656
1243SCN,30.0,22.88235294117647,27.41176470588235,0.9411764705882353,1.4705882352941178,0.058823529411764705,0.5294117647058824,0.5882352941176471,22.0,14.235294117647058,2.4265480058823523,0.10647455211397788,9.352941176470589,3.9746673833329464,0.07210687003229742
1244SCN,30.0,23.2,27.2,0.9,1.7,0.2,0.9,0.5,23.2,9.9,2.3631605300000005,0.09981300638508876,11.4,4.492470146600581,0.04151751767900837
1245SCN,30.0,24.333333333333332,27.11111111111111,0.5555555555555556,0.7777777777777778,0.3333333333333333,0.4444444444444444,0.7777777777777778,22.444444444444443,12.88888888888889,2.2698060111111107,0.09578322091536072,10.555555555555555,4.447697887547576,0.049434824434824436
1246SCN,30.0,23.8,27.8,1.0,1.4,0.0,0.4,0.6,21.6,11.4,2.37403698,0.10109194753272714,10.2,4.153683772323158,0.027757073844030367
1247SCN,30.0,22.0,27.75,1.5,1.5,0.25,0.0,1.75,21.75,18.0,2.541353375,0.11439695252624314,7.0,3.2050750010148987,0.13446071776663882
1248SCN,30.0,23.555555555555557,27.666666666666668,0.7777777777777778,1.0,0.7777777777777778,0.4444444444444444,0.4444444444444444,22.666666666666668,14.0,2.365870855555556,0.09919352196240067,9.88888888888889,4.1341677558534915,0.04565375982042649
1250SCN,30.0,22.142857142857142,27.428571428571427,1.1428571428571428,2.5714285714285716,0.2857142857142857,1.4285714285714286,1.0,21.857142857142858,14.285714285714286,2.4857142142857143,0.10610716514606675,9.428571428571429,3.8318508014814,0.08912747707778763
1252SCN,30.0,23.571428571428573,27.5,0.5,0.7857142857142857,0.42857142857142855,0.2857142857142857,0.35714285714285715,21.642857142857142,13.642857142857142,2.352264778571428,0.10095559489969427,8.928571428571429,3.863867736818047,0.03348049035160837
1253SCN,30.0,25.333333333333332,27.333333333333332,0.3333333333333333,0.6666666666666666,0.0,0.3333333333333333,1.0,22.333333333333332,10.0,2.1633333333333336,0.08704199182460053,13.0,4.9165542234595945,0.0724074074074074
1255SCN,30.0,24.6,27.1,0.4,1.2,0.0,0.8,0.6,22.9,9.5,2.23156453,0.09193941485245831,11.4,4.556939185346643,0.03824827815769845
1256SCN,30.0,24.2,26.6,0.5,1.1,0.2,0.6,0.1,22.5,12.5,2.2059499199999997,0.0907595801943628,10.3,4.35790810498934,0.00608695652173913
1257SCN,30.0,25.11111111111111,26.555555555555557,1.0,1.1111111111111112,0.2222222222222222,0.1111111111111111,0.4444444444444444,23.11111111111111,10.88888888888889,2.1252536777777777,0.08393421393421394,11.444444444444445,4.875606579199257,0.03425591477765391
1258SCN,30.0,25.2,26.9,0.1,0.6,0.5,0.5,0.4,22.4,11.7,2.14686402,0.0855894395459613,10.7,4.422264246474772,0.041235909822866346
1259SCN,30.0,24.77777777777778,26.666666666666668,1.2222222222222223,1.4444444444444444,0.1111111111111111,0.2222222222222222,0.4444444444444444,20.88888888888889,9.444444444444445,2.2117802666666666,0.09139581412741789,10.222222222222221,4.347836961990729,0.027160493827160494
1260SCN,30.0,21.727272727272727,27.181818181818183,1.0909090909090908,2.1818181818181817,0.0,1.0909090909090908,1.0909090909090908,20.90909090909091,13.636363636363637,2.5119617272727273,0.11206614271935676,8.181818181818182,3.445740136363186,0.1172103406634488
1261SCN,30.0,24.9,27.0,0.5,1.0,0.0,0.5,0.3,20.8,12.2,2.20013536,0.09062188759742615,10.1,4.226253598422935,0.02583469791078487
1262SCN,30.0,22.636363636363637,27.272727272727273,0.9090909090909091,1.6363636363636365,0.2727272727272727,0.7272727272727273,0.6363636363636364,22.545454545454547,10.909090909090908,2.436246854545455,0.10601930279691875,9.636363636363637,3.911726601069226,0.04132833569592463
1263SCN,30.0,24.625,26.875,0.375,1.0,0.0,0.625,0.5,23.375,11.5,2.1956095875,0.09025501270066488,11.25,4.565384396377043,0.04440140927912667
1264SCN,30.0,25.444444444444443,27.11111111111111,0.1111111111111111,0.5555555555555556,0.0,0.4444444444444444,0.3333333333333333,22.555555555555557,12.333333333333334,2.1413557,0.08672854610052677,10.777777777777779,4.534138246164391,0.02229444972037565
1265SCN,30.0,24.666666666666668,27.0,0.6666666666666666,0.6666666666666666,0.3333333333333333,0.0,0.6666666666666666,23.666666666666668,10.0,2.2027972333333334,0.09043401043401045,10.333333333333334,4.176153846153846,0.028619528619528618
1266SCN,30.0,25.285714285714285,27.238095238095237,0.2857142857142857,0.47619047619047616,0.09523809523809523,0.19047619047619047,0.3333333333333333,22.666666666666668,11.619047619047619,2.170127238095238,0.08859641116441289,11.666666666666666,4.719922065068627,0.026862873036786087
1267SCN,30.0,26.0,26.75,0.375,0.875,0.0,0.5,0.25,20.875,8.0,2.064674925,0.08036849020544673,11.5,4.734185211067531,0.019965277777777776
1269SCN,30.0,26.625,26.625,0.0,0.25,0.0,0.25,0.125,24.125,7.125,2.006898825,0.07804259500286487,14.375,5.642726660949168,0.016512345679012344
1273SCN,30.0,24.157894736842106,27.210526315789473,0.8421052631578947,1.2105263157894737,0.2631578947368421,0.3684210526315789,0.631578947368421,22.94736842105263,12.052631578947368,2.2764755263157888,0.09440526892291315,11.31578947368421,4.548581368210347,0.045110388389065635
1274SCN,30.0,24.11111111111111,27.22222222222222,0.7777777777777778,1.5555555555555556,0.1111111111111111,0.7777777777777778,0.4444444444444444,22.333333333333332,10.444444444444445,2.2908472000000004,0.09490083543223639,10.88888888888889,4.475256326952233,0.04492755035737492
1275SCN,30.0,24.2,27.4,0.6,1.2,0.0,0.6,0.6,24.2,8.6,2.2766561,0.0946885867755433,11.6,4.696412260847044,0.07024110671936759
1277SCN,30.0,25.25,26.5,0.375,0.625,0.125,0.25,0.375,23.0,10.25,2.1282844,0.08685397967148539,12.75,5.084710980562963,0.03457532418001526
1278SCN,30.0,23.785714285714285,27.285714285714285,0.6428571428571429,0.8571428571428571,0.21428571428571427,0.2857142857142857,0.5714285714285714,22.857142857142858,13.285714285714286,2.318307085714286,0.09943832869116027,10.857142857142858,4.422798443995009,0.04694873162264467
1279SCN,30.0,26.125,26.625,0.0,0.25,0.125,0.25,0.25,24.25,8.625,2.0433494125,0.0803344340844341,12.625,4.8958702140938986,0.026875630408239107
1280SCN,30.0,23.5,26.875,0.75,1.0,0.125,0.25,0.875,22.25,10.875,2.312387975,0.10026504747900628,9.875,4.126945589159549,0.06855984245858388
1282SCN,30.0,26.666666666666668,27.166666666666668,0.16666666666666666,0.3333333333333333,0.0,0.16666666666666666,0.16666666666666666,24.166666666666668,10.5,2.0398522,0.07860941527608194,12.666666666666666,5.024140212980793,0.013461538461538462
1283SCN,30.0,24.545454545454547,27.272727272727273,0.5454545454545454,0.6363636363636364,0.0,0.09090909090909091,0.2727272727272727,21.636363636363637,10.090909090909092,2.243417827272727,0.09483420351314155,11.181818181818182,4.525116424230216,0.030649350649350652
1284SCN,30.0,24.0,26.0,0.0,0.0,0.5,0.0,1.5,23.0,9.5,2.17043475,0.09274044795783926,10.0,4.142292490118578,0.11626086956521739
1285SCN,30.0,25.071428571428573,27.214285714285715,0.35714285714285715,0.7857142857142857,0.14285714285714285,0.42857142857142855,0.2857142857142857,24.142857142857142,9.642857142857142,2.19022765,0.0888783137001509,11.0,4.571215131229843,0.030335775335775337
1286SCN,30.0,23.5,27.2,0.6,1.4,0.2,0.8,0.4,22.1,15.6,2.3357606000000004,0.0986467651341793,8.3,3.8067365917835025,0.0406702438463308
1287SCN,30.0,22.733333333333334,27.266666666666666,0.8,1.4666666666666666,0.4,0.6666666666666666,0.9333333333333333,21.866666666666667,13.066666666666666,2.424896706666667,0.10554823608262834,9.2,3.8873413443369027,0.08317962980084768
1289SCN,30.0,24.214285714285715,27.285714285714285,0.6428571428571429,1.0,0.21428571428571427,0.35714285714285715,0.42857142857142855,23.642857142857142,13.785714285714286,2.2653783857142855,0.09401895520725204,11.285714285714286,4.581169270654107,0.03652632736483668
1290SCN,30.0,22.76923076923077,27.46153846153846,1.1538461538461537,1.9230769230769231,0.38461538461538464,0.7692307692307693,0.6923076923076923,21.53846153846154,11.23076923076923,2.426560976923077,0.10308025308025309,10.23076923076923,4.266701320298605,0.07740734765579485
1292SCN,30.0,24.333333333333332,27.133333333333333,0.6,1.2666666666666666,0.2,0.6666666666666666,0.6,21.0,11.733333333333333,2.2509292933333334,0.09252439965683344,10.2,4.2168976372004146,0.046001168373839184
1293SCN,30.0,23.0,27.666666666666668,0.6666666666666666,2.6666666666666665,0.3333333333333333,2.0,1.3333333333333333,21.333333333333332,9.666666666666666,2.4491228,0.10150097465886938,9.666666666666666,4.000818713450292,0.09523976608187135
1294SCN,30.0,25.25,26.5,0.375,1.0,0.0,0.625,0.625,22.125,8.75,2.1525256625,0.08853187035092405,12.625,4.893280059437181,0.05700730961280833
1298SCN,30.0,24.875,26.875,0.25,0.625,0.125,0.375,0.25,24.5,12.25,2.1659314875,0.08844254980124544,10.875,4.503850579774492,0.0203525641025641
1300SCN,30.0,24.333333333333332,26.666666666666668,0.3333333333333333,0.6666666666666666,0.3333333333333333,0.3333333333333333,0.3333333333333333,23.666666666666668,9.333333333333334,2.1959308666666666,0.0906040336475119,11.0,4.505709266578831,0.05509259259259259
1301SCN,30.0,24.5,27.25,1.0,1.375,0.0,0.375,0.5,22.25,12.375,2.2424681875,0.09173651429086213,11.5,4.547077033272686,0.03628577876766283
1302SCN,30.0,24.0,27.0,0.3333333333333333,1.0,0.3333333333333333,0.6666666666666666,0.3333333333333333,22.0,9.333333333333334,2.2549275,0.09344751866490997,11.0,4.348836187966623,0.017598343685300208
1303SCN,30.0,24.181818181818183,26.0,0.09090909090909091,0.45454545454545453,0.09090909090909091,0.36363636363636365,0.2727272727272727,21.636363636363637,12.363636363636363,2.162661372727273,0.09246549965917553,9.090909090909092,3.837276458073947,0.02331801926663587
1304SCN,30.0,24.0,27.0,0.36363636363636365,0.8181818181818182,0.36363636363636365,0.45454545454545453,0.2727272727272727,21.09090909090909,12.454545454545455,2.2658141454545455,0.09508919375780202,9.363636363636363,3.827957164532991,0.021960716417238155
1305SCN,30.0,24.9,26.9,0.7,1.4,0.3,0.7,0.5,18.8,8.7,2.16859085,0.0851738905217166,9.8,4.1634372387108955,0.04209123002601264
1306SCN,30.0,23.88888888888889,26.555555555555557,0.6666666666666666,1.3333333333333333,0.2222222222222222,0.6666666666666666,0.4444444444444444,21.22222222222222,8.666666666666666,2.242613433333333,0.0932181384736686,9.88888888888889,4.130974360961574,0.034754710851202075
1307SCN,30.0,26.0,26.77777777777778,0.4444444444444444,1.2222222222222223,0.0,0.7777777777777778,0.1111111111111111,22.444444444444443,7.0,2.0796508222222223,0.0801608963528004,13.444444444444445,5.323342952712092,0.00850480109739369
1308SCN,30.0,23.1,26.8,1.3,1.6,0.3,0.3,1.0,19.2,8.8,2.33638712,0.09893063458280849,8.8,3.78066072674129,0.07227053140096618
1309SCN,30.0,25.307692307692307,27.153846153846153,0.38461538461538464,0.6923076923076923,0.0,0.3076923076923077,0.38461538461538464,22.46153846153846,12.153846153846153,2.1624383615384613,0.08775081989474794,10.153846153846153,4.357109962413917,0.040588522588522594
1310SCN,30.0,24.27777777777778,26.88888888888889,0.8888888888888888,1.5,0.05555555555555555,0.6111111111111112,0.4444444444444444,22.72222222222222,10.555555555555555,2.224964961111111,0.09045143262534565,11.5,4.64809254582665,0.03932056316890686
1312SCN,30.0,24.333333333333332,27.0,0.6666666666666666,1.0,0.6666666666666666,0.5,0.16666666666666666,23.166666666666668,8.5,2.224133666666667,0.08959212285299244,10.5,4.482580617024351,0.019458874458874457
1313SCN,30.0,24.9,26.7,0.1,1.2,0.2,1.1,0.7,22.4,9.2,2.15455267,0.08564519216693127,11.0,4.709434612460322,0.061713661941922814
1314SCN,30.0,24.571428571428573,27.0,1.0,1.4285714285714286,0.14285714285714285,0.42857142857142855,0.14285714285714285,23.714285714285715,11.428571428571429,2.2406023999999998,0.09033752928893593,9.857142857142858,4.325201910364497,0.01994444444444444
1315SCN,30.0,24.555555555555557,26.666666666666668,0.5555555555555556,1.0,0.1111111111111111,0.4444444444444444,0.3333333333333333,24.0,12.333333333333334,2.1979199333333335,0.09125681025757304,11.444444444444445,4.735243070722349,0.03378313923805067
1316SCN,30.0,24.75,27.25,0.25,0.75,0.25,0.5,0.25,20.25,13.75,2.2025,0.08945652173913043,9.0,3.823627819548873,0.035486111111111114
1317SCN,30.0,26.1,27.5,0.5,1.2,0.1,0.7,0.3,23.9,8.8,2.12918173,0.08152616362598213,13.7,5.400628999020303,0.02097777777777778
1318SCN,30.0,25.857142857142858,26.571428571428573,0.14285714285714285,0.42857142857142855,0.14285714285714285,0.2857142857142857,0.14285714285714285,23.0,9.714285714285714,2.0664664142857143,0.08198674603043846,10.571428571428571,4.555245180521415,0.0125
1319SCN,30.0,24.636363636363637,26.90909090909091,0.36363636363636365,0.7272727272727273,0.18181818181818182,0.36363636363636365,0.6363636363636364,23.727272727272727,11.454545454545455,2.1948709545454546,0.09033331622264427,10.181818181818182,4.446106120570443,0.04542021110202929
1322SCN,30.0,25.1,26.9,1.2,1.5,0.0,0.3,0.1,22.7,9.8,2.1773159399999997,0.08684115789486634,11.5,4.670230142595871,0.015978157644824312
1323SCN,30.0,22.22222222222222,26.88888888888889,0.8888888888888888,1.6666666666666667,0.1111111111111111,0.7777777777777778,0.2222222222222222,22.11111111111111,11.666666666666666,2.4352030666666664,0.10839668707708372,9.444444444444445,4.017268926231551,0.01791726791726792
1324SCN,30.0,22.5,27.5,0.5,1.0,0.0,0.5,1.5,22.5,13.5,2.48,0.1143859649122807,10.5,4.145964912280702,0.18050000000000002
1325SCN,30.0,24.53846153846154,26.615384615384617,0.46153846153846156,0.9230769230769231,0.5384615384615384,0.46153846153846156,0.46153846153846156,22.615384615384617,8.692307692307692,2.2041666615384616,0.09025946252288963,11.538461538461538,4.6167967485802475,0.045794989324401084
1326SCN,30.0,25.333333333333332,26.733333333333334,0.26666666666666666,0.7333333333333333,0.0,0.4666666666666667,0.5333333333333333,21.8,10.466666666666667,2.12586578,0.08591613513552546,11.2,4.589730425843631,0.044304232804232804
1328SCN,30.0,24.692307692307693,26.923076923076923,0.46153846153846156,0.6923076923076923,0.15384615384615385,0.23076923076923078,0.38461538461538464,22.0,12.923076923076923,2.2041320461538465,0.09148486436991982,10.76923076923077,4.406814107092227,0.030915636120764325
1333SCN,30.0,25.3,26.9,0.6,0.8,0.2,0.2,0.2,22.0,11.2,2.13685922,0.08518223805180325,11.8,4.7396087970001,0.02637820512820513
1335SCN,30.0,23.625,26.875,0.75,1.625,0.0,0.875,0.25,23.0,11.375,2.3000411125,0.096523607547635,10.625,4.407300125821293,0.019632313472893185
1336SCN,30.0,25.076923076923077,26.384615384615383,0.9230769230769231,1.0769230769230769,0.0,0.15384615384615385,0.38461538461538464,20.153846153846153,9.615384615384615,2.1362253846153845,0.08693055008431735,11.153846153846153,4.473540118987794,0.03328966277126812
1337SCN,30.0,23.0,26.75,1.0,1.0,0.0,0.0,1.0,22.5,11.5,2.362857125,0.10551378446115288,10.0,4.01144028549635,0.05391468253968254
1338SCN,30.0,25.333333333333332,26.666666666666668,0.0,0.0,0.0,0.0,1.6666666666666667,16.333333333333332,11.0,2.1056410333333333,0.08658119658119658,7.333333333333333,3.261695906432749,0.12731623931623934
1339SCN,30.0,24.285714285714285,26.857142857142858,0.5714285714285714,1.0,0.0,0.42857142857142855,0.42857142857142855,21.714285714285715,10.571428571428571,2.2275490000000002,0.09338776475422438,10.571428571428571,4.365641487022658,0.029854978354978357
1340SCN,30.0,25.692307692307693,26.46153846153846,0.38461538461538464,0.6923076923076923,0.23076923076923078,0.3076923076923077,0.38461538461538464,20.692307692307693,8.384615384615385,2.0779061461538464,0.0821702330098132,10.615384615384615,4.446060893212492,0.03525872566675242
1344SCN,30.0,25.583333333333332,27.0,0.4166666666666667,0.75,0.08333333333333333,0.3333333333333333,0.25,20.416666666666668,12.416666666666666,2.1237111666666664,0.08447433538013248,10.0,4.17755953507995,0.020042558086036347
1346SCN,30.0,24.833333333333332,27.166666666666668,0.5,0.8333333333333334,0.16666666666666666,0.3333333333333333,0.5,24.0,10.5,2.2087646333333333,0.09037542704209371,10.5,4.544153699226163,0.04036979526109961
1347SCN,30.0,24.5,27.25,0.75,1.5,0.0,0.75,0.5,22.5,8.875,2.2497866125,0.09151640539029082,11.25,4.590484758376634,0.04543506493506493
1348SCN,30.0,25.444444444444443,26.444444444444443,0.3333333333333333,0.7777777777777778,0.1111111111111111,0.4444444444444444,0.3333333333333333,22.555555555555557,5.666666666666667,2.0819732444444443,0.08254637472028775,11.333333333333334,4.756384416781061,0.024518307481270443
1349SCN,30.0,23.25,26.5,1.0,2.0,0.0,1.0,0.75,21.75,9.75,2.2916875,0.09560700169395822,11.0,4.291394338824006,0.06192730880230881
1350SCN,30.0,23.5,27.166666666666668,1.5,2.0,0.3333333333333333,0.5,0.5,22.5,8.833333333333334,2.3277302,0.09593565854435421,12.833333333333334,4.977175481523307,0.04393155154024719
1351SCN,30.0,26.0,26.833333333333332,0.25,0.6666666666666666,0.0,0.4166666666666667,0.25,22.75,7.833333333333333,2.0895106333333335,0.08321474799091254,12.666666666666666,5.0569002634792115,0.027535698219908745
1354SCN,30.0,24.272727272727273,26.90909090909091,0.6363636363636364,0.8181818181818182,0.6363636363636364,0.36363636363636365,0.45454545454545453,20.90909090909091,11.545454545454545,2.232563072727273,0.09115511906441799,9.636363636363637,3.962687557638976,0.04369169960474309
1355SCN,30.0,25.571428571428573,27.0,0.0,0.42857142857142855,0.14285714285714285,0.42857142857142855,0.5714285714285714,22.0,12.285714285714286,2.1188517142857144,0.08487525357090574,10.142857142857142,4.213899214708206,0.04853669197147458
1359SCN,30.0,24.6,26.9,0.3,0.8,0.0,0.5,0.7,22.2,12.3,2.1976869,0.09099728130162912,9.7,4.147326463772688,0.045525205470857644
1360SCN,30.0,23.333333333333332,27.285714285714285,0.9047619047619048,1.4285714285714286,0.14285714285714285,0.5238095238095238,0.6190476190476191,21.80952380952381,13.666666666666666,2.3587128047619053,0.10071741341379632,9.80952380952381,4.077051217383216,0.058962596059608775
1361SCN,30.0,22.733333333333334,26.8,1.3333333333333333,2.0,0.3333333333333333,0.6666666666666666,0.6,21.2,10.333333333333334,2.4295648733333333,0.10585410164081822,9.866666666666667,4.168386539291911,0.058282539682539686
1364SCN,30.0,24.941176470588236,26.823529411764707,0.7058823529411765,0.8823529411764706,0.11764705882352941,0.17647058823529413,0.29411764705882354,21.058823529411764,10.0,2.171847423529412,0.08861340516071974,10.764705882352942,4.4086917031707715,0.01832692456733377
1366SCN,30.0,25.625,26.625,0.5,0.75,0.0,0.25,0.125,22.0,10.25,2.107176225,0.08484660295005123,11.875,4.777852743661567,0.013662131519274378
1367SCN,30.0,22.88888888888889,26.444444444444443,0.8888888888888888,1.8888888888888888,0.2222222222222222,1.0,0.6666666666666666,21.333333333333332,11.777777777777779,2.361389977777778,0.10211972915634243,10.666666666666666,4.26706356487821,0.0558422595922596
1369SCN,NaN,NaN,NaN,NaN,NaN,NaN,NaN,NaN,NaN,NaN,NaN,NaN,NaN,NaN,NaN
1370SCN,30.0,23.857142857142858,26.685714285714287,0.8,1.1428571428571428,0.2571428571428571,0.34285714285714286,0.37142857142857144,21.514285714285716,11.142857142857142,2.26267788,0.0952939148083155,10.085714285714285,4.157030106938574,0.03543288239250973
1373SCN,30.0,25.1,26.5,0.4,0.8,0.2,0.4,0.1,21.9,9.0,2.14283456,0.08738669348280331,11.6,4.673747925944722,0.0105
1374SCN,30.0,26.3125,26.625,0.1875,0.25,0.25,0.0625,0.375,22.1875,6.8125,2.0304859625000002,0.07919183951980054,12.875,5.112288971093318,0.03180436847103514
1375SCN,30.0,26.285714285714285,26.428571428571427,0.14285714285714285,0.5714285714285714,0.0,0.42857142857142855,0.14285714285714285,22.0,7.142857142857143,2.0141092,0.07821016057469259,11.428571428571429,4.718654453316107,0.014776556776556777
1376SCN,30.0,24.90909090909091,26.545454545454547,0.6363636363636364,1.2727272727272727,0.09090909090909091,0.6363636363636364,0.45454545454545453,22.818181818181817,6.818181818181818,2.146795,0.08571472117199254,12.636363636363637,5.064405213837538,0.0346360429693763
1378SCN,30.0,25.727272727272727,26.636363636363637,0.7272727272727273,0.9090909090909091,0.09090909090909091,0.18181818181818182,0.2727272727272727,23.09090909090909,7.818181818181818,2.1045565181818184,0.08351152391143091,12.909090909090908,5.176338386784795,0.02031181379007466
1382SCN,30.0,26.285714285714285,26.571428571428573,0.5714285714285714,0.8571428571428571,0.0,0.2857142857142857,0.2857142857142857,24.142857142857142,7.0,2.0288984,0.07806945471970103,12.285714285714286,5.036852783476825,0.023443223443223447
1384SCN,30.0,23.764705882352942,26.88235294117647,0.5882352941176471,1.411764705882353,0.4117647058823529,0.8235294117647058,0.5294117647058824,22.294117647058822,10.823529411764707,2.2860009352941173,0.09499291597080071,10.823529411764707,4.3810940948016235,0.04055625983375344
1387SCN,30.0,25.5,26.142857142857142,0.2857142857142857,0.5,0.2857142857142857,0.21428571428571427,0.35714285714285715,23.0,6.214285714285714,2.0636835,0.08255458268201897,12.571428571428571,5.019291369756631,0.029812906210421736
1388SCN,30.0,22.25,25.5,0.75,1.5,0.25,0.75,1.0,21.25,10.5,2.3017857250000002,0.1015841233518579,8.5,3.577735627917348,0.07157738095238095
1391SCN,30.0,23.23076923076923,26.615384615384617,0.9230769230769231,1.2307692307692308,0.15384615384615385,0.3076923076923077,0.6153846153846154,19.76923076923077,9.461538461538462,2.304526523076923,0.0991669047961954,9.615384615384615,3.9433458183546195,0.04826219302807932
1392SCN,30.0,21.6,26.2,1.6,2.0,0.0,0.4,0.4,19.2,12.2,2.4381366,0.1099361050848465,7.8,3.287343721921727,0.026948930296756386
1396SCN,30.0,25.105263157894736,26.63157894736842,0.6842105263157895,0.8421052631578947,0.10526315789473684,0.15789473684210525,0.5789473684210527,22.473684210526315,7.473684210526316,2.1417175315789474,0.08687471694336685,11.31578947368421,4.7169033476994455,0.04428760636769789
1397SCN,30.0,25.09090909090909,27.09090909090909,0.5454545454545454,0.8181818181818182,0.2727272727272727,0.2727272727272727,0.5454545454545454,23.636363636363637,9.272727272727273,2.189043790909091,0.08898145525355843,12.272727272727273,4.992593483764693,0.05565105754898419
1398SCN,30.0,24.192307692307693,26.5,0.5384615384615384,0.9230769230769231,0.11538461538461539,0.38461538461538464,0.5,21.0,9.115384615384615,2.221273426923077,0.09404854067641095,9.923076923076923,4.130553613650314,0.04412877627760571
1401SCN,30.0,25.6875,26.4375,0.5,0.6875,0.125,0.25,0.25,21.375,8.4375,2.06623505,0.08161236911236909,11.0,4.504104167349304,0.025380202526941658
1402SCN,30.0,25.583333333333332,26.833333333333332,0.25,0.75,0.0,0.5,0.3333333333333333,20.833333333333332,10.583333333333334,2.12905115,0.08637905692878206,11.083333333333334,4.557368493020666,0.02840895142482444
1403SCN,30.0,24.166666666666668,26.5,0.6666666666666666,0.3333333333333333,0.6666666666666666,0.16666666666666666,0.16666666666666666,22.0,10.0,2.1999275,0.09198168980777677,10.833333333333334,4.496225098036692,0.010144927536231883
1404SCN,30.0,26.125,26.0,0.25,0.875,0.0,0.625,0.125,19.25,4.0,2.0140886875,0.07894642346104115,11.375,4.6006586166708665,0.0105
1407SCN,30.0,24.454545454545453,26.818181818181817,0.5454545454545454,0.8181818181818182,0.09090909090909091,0.2727272727272727,0.18181818181818182,22.90909090909091,11.272727272727273,2.203262390909091,0.09122274885120735,10.636363636363637,4.4821315857101895,0.01572971955580651
1410SCN,30.0,25.1875,27.125,0.4375,0.75,0.0,0.3125,0.6875,21.625,10.5625,2.1777313937500002,0.08924221375964254,11.25,4.55031231615311,0.06152461039291397
1411SCN,30.0,24.25,25.75,0.625,1.5,0.0,0.875,0.25,20.75,8.0,2.1334874375000004,0.08701756576756578,12.125,4.855039887648584,0.025078914141414145
1416SCN,30.0,26.714285714285715,27.142857142857142,0.2857142857142857,0.7142857142857143,0.0,0.42857142857142855,0.42857142857142855,20.714285714285715,7.428571428571429,2.0411919571428574,0.07788321694725635,12.428571428571429,4.9107752666283915,0.03357509157509157
1417SCN,30.0,23.76923076923077,26.23076923076923,0.7692307692307693,1.2307692307692308,0.23076923076923078,0.46153846153846156,0.46153846153846156,20.692307692307693,8.923076923076923,2.2272318230769232,0.09326899508205616,10.692307692307692,4.3951062772819505,0.043079420579420574
1419SCN,30.0,24.941176470588236,27.41176470588235,0.5294117647058824,0.7058823529411765,0.29411764705882354,0.29411764705882354,0.4117647058823529,22.058823529411764,12.058823529411764,2.2173097647058824,0.09069159638415257,10.588235294117647,4.3853796955600695,0.04187228247515635
1422SCN,30.0,24.1,25.2,1.0,1.5,0.2,0.5,0.3,19.7,4.5,2.11706842,0.08662130462130463,11.7,4.678852837983273,0.037284119389382545
1423SCN,30.0,24.666666666666668,27.0,0.6666666666666666,0.8333333333333334,0.0,0.16666666666666666,0.6666666666666666,21.666666666666668,8.666666666666666,2.20703885,0.09156425367070044,10.333333333333334,4.351029622551362,0.04805214492320939
1426SCN,30.0,25.6,26.8,0.4,0.8,0.2,0.4,0.2,20.9,11.2,2.11493364,0.08391293552912743,11.6,4.618060413016934,0.02302048260381594
1431SCN,30.0,25.545454545454547,26.727272727272727,0.36363636363636365,0.9090909090909091,0.09090909090909091,0.5454545454545454,0.36363636363636365,20.454545454545453,7.181818181818182,2.1121165363636365,0.08416843001823239,11.090909090909092,4.599313956242944,0.03428155178155178
1432SCN,30.0,26.11111111111111,26.555555555555557,0.3333333333333333,0.6666666666666666,0.1111111111111111,0.3333333333333333,0.2222222222222222,22.77777777777778,6.777777777777778,2.0681438,0.08211642591759549,13.666666666666666,5.347928350336181,0.017019943019943015
1434SCN,30.0,24.5,26.25,0.625,1.25,0.125,0.625,0.25,23.125,4.5,2.1822528875000002,0.08930005359925268,13.0,5.2132726127377165,0.03341191520467836
1436SCN,30.0,24.545454545454547,26.0,0.6363636363636364,1.0909090909090908,0.09090909090909091,0.45454545454545453,0.18181818181818182,22.727272727272727,6.636363636363637,2.1301015,0.08715683914001023,11.272727272727273,4.734863289096699,0.015590909090909093
1439SCN,30.0,26.636363636363637,26.818181818181817,0.45454545454545453,0.6363636363636364,0.0,0.18181818181818182,0.2727272727272727,24.454545454545453,7.636363636363637,2.0157157636363636,0.07679698723176984,15.090909090909092,6.010093546778038,0.021212121212121213
1441SCN,30.0,25.272727272727273,26.727272727272727,0.45454545454545453,0.9090909090909091,0.09090909090909091,0.45454545454545453,0.45454545454545453,21.363636363636363,10.636363636363637,2.1281900545454544,0.08496393227618523,11.545454545454545,4.586361936840405,0.037115949000006976
1442SCN,30.0,23.583333333333332,26.25,0.75,1.0,0.08333333333333333,0.25,0.5833333333333334,20.166666666666668,9.25,2.2341747916666663,0.09540881823490517,9.083333333333334,3.7935962169028534,0.05668505709266578
1445SCN,30.0,25.714285714285715,26.0,0.0,0.42857142857142855,0.0,0.42857142857142855,0.14285714285714285,20.428571428571427,7.0,2.0262585,0.08089797940729618,12.571428571428571,4.821275444132588,0.011904761904761904
1446SCN,30.0,25.875,26.125,0.375,0.75,0.0,0.375,0.25,21.875,4.125,2.0225274875,0.07913919413919415,11.875,5.024585248853489,0.018833333333333334
1447SCN,30.0,26.133333333333333,26.066666666666666,0.3333333333333333,0.5333333333333333,0.13333333333333333,0.2,0.2,22.0,5.866666666666666,2.00857998,0.07868669994007327,12.866666666666667,5.13088930534392,0.021066172957477303
1448SCN,30.0,26.857142857142858,25.571428571428573,0.0,0.2857142857142857,0.0,0.2857142857142857,0.14285714285714285,22.0,4.285714285714286,1.9068931285714288,0.07313825382790902,14.285714285714286,5.512462680078778,0.0184981684981685
1450SCN,30.0,25.0,26.3,0.0,0.3,0.2,0.3,0.8,21.6,7.9,2.1177432400000002,0.08756053086787718,12.6,4.795639193504181,0.06189330690779967
1451SCN,30.0,23.75,26.625,0.375,1.0,0.125,0.625,0.5,21.125,9.75,2.271548075,0.09766957387676632,9.875,4.177819157723418,0.049603154997176734
1452SCN,30.0,23.6,27.5,0.6,1.3,0.1,0.7,0.6,23.1,13.4,2.35219528,0.09997246291296635,10.0,4.1436095643486945,0.05750555555555555
1457SCN,30.0,23.692307692307693,26.23076923076923,0.23076923076923078,0.6923076923076923,0.9230769230769231,0.5384615384615384,0.38461538461538464,20.46153846153846,11.076923076923077,2.2282350538461535,0.09291669559228087,9.615384615384615,4.110928855421489,0.036102544798196974
1458SCN,30.0,26.307692307692307,26.692307692307693,0.7692307692307693,0.8461538461538461,0.07692307692307693,0.07692307692307693,0.07692307692307693,22.153846153846153,6.615384615384615,2.059259492307693,0.07980467793456035,12.76923076923077,5.1318309265469555,0.006213017751479291
1460SCN,30.0,25.333333333333332,25.555555555555557,0.5555555555555556,1.0,0.3333333333333333,0.4444444444444444,0.0,19.88888888888889,5.111111111111111,2.061414911111111,0.08318710730975189,11.777777777777779,4.730114340628692,0.0
1462SCN,30.0,23.0,26.6,0.4,1.4,0.0,1.0,0.8,20.4,9.8,2.3311196,0.10217182817182817,9.2,3.8860869565217384,0.05381708238851096
1464SCN,30.0,24.923076923076923,26.692307692307693,0.7692307692307693,0.9230769230769231,0.07692307692307693,0.15384615384615385,0.6153846153846154,23.615384615384617,9.23076923076923,2.1485255615384613,0.08681532761800319,11.923076923076923,4.778825266467665,0.050222358652124544
1465SCN,30.0,25.75,26.5,0.3333333333333333,0.4166666666666667,0.08333333333333333,0.08333333333333333,0.3333333333333333,22.75,7.916666666666667,2.068623816666667,0.08266129168552956,11.916666666666666,4.772161914772517,0.02988448266709137
1467SCN,30.0,24.681818181818183,26.5,0.5454545454545454,1.0909090909090908,0.18181818181818182,0.5454545454545454,0.18181818181818182,20.318181818181817,7.954545454545454,2.1660634454545455,0.08838671824522201,9.909090909090908,4.191341593535789,0.018402854455486034
1472SCN,30.0,23.863636363636363,26.59090909090909,0.8636363636363636,1.0454545454545454,0.13636363636363635,0.18181818181818182,0.3181818181818182,22.363636363636363,9.045454545454545,2.2442133272727274,0.09468245840099389,11.090909090909092,4.500792621623578,0.0297318476507494
1475SCN,30.0,25.25,26.666666666666668,0.5,1.0,0.08333333333333333,0.5,0.25,23.333333333333332,10.583333333333334,2.1252583249999994,0.08458384712257776,11.5,4.848913671882892,0.0220959595959596
1478SCN,30.0,24.11764705882353,26.58823529411765,0.6470588235294118,1.0588235294117647,0.11764705882352941,0.4117647058823529,0.6470588235294118,20.941176470588236,9.352941176470589,2.2484809588235293,0.09547722488229878,10.352941176470589,4.278581768566091,0.061175195687306415
1479SCN,30.0,25.0,25.5,1.0,1.5,0.0,0.5,0.0,21.0,2.5,2.04,0.07999999999999999,11.0,4.506109690252913,0.0
1480SCN,30.0,25.125,26.25,0.5,1.25,0.0,0.75,0.25,21.5,5.0,2.1252504125,0.0857086527776183,12.125,4.856925981627069,0.018353174603174604
1481SCN,30.0,22.904761904761905,26.761904761904763,0.42857142857142855,1.2380952380952381,0.2857142857142857,0.8571428571428571,0.47619047619047616,22.0,11.761904761904763,2.3551373714285715,0.10257072293794535,9.19047619047619,3.930909636377942,0.03239889493660567
1482SCN,30.0,25.0,26.31578947368421,0.42105263157894735,0.8421052631578947,0.21052631578947367,0.42105263157894735,0.47368421052631576,20.789473684210527,5.842105263157895,2.1370212052631583,0.08748886718649597,11.736842105263158,4.6539910490865495,0.04132694366252046
1484SCN,30.0,24.0,26.0,0.7,1.3,0.4,0.6,0.5,20.4,7.0,2.2491496300000002,0.09647534398491273,11.1,4.55997372751835,0.039602802994107345
1485SCN,30.0,24.0,26.166666666666668,0.16666666666666666,0.6666666666666666,0.0,0.5,1.0,20.916666666666668,10.0,2.202419608333334,0.09469193948408287,8.583333333333334,3.733771991047197,0.08035567458574705
1489SCN,30.0,25.11111111111111,25.333333333333332,0.3333333333333333,0.6666666666666666,0.1111111111111111,0.3333333333333333,0.4444444444444444,18.11111111111111,6.111111111111111,2.059575688888889,0.0857175142130033,9.777777777777779,4.070885848271768,0.033825322345535924
1493SCN,30.0,23.333333333333332,26.444444444444443,0.3333333333333333,0.6666666666666666,0.3333333333333333,0.3333333333333333,1.1111111111111112,21.11111111111111,11.555555555555555,2.2853412888888887,0.0996986598639281,9.777777777777779,4.082387232650391,0.06340523941973217
1494SCN,30.0,24.88235294117647,26.470588235294116,0.7647058823529411,1.0,0.0,0.23529411764705882,0.4117647058823529,20.470588235294116,8.058823529411764,2.1505085235294117,0.08808635808635808,10.294117647058824,4.315402552219914,0.03213473361597829
1495SCN,30.0,25.166666666666668,26.75,0.9166666666666666,1.25,0.08333333333333333,0.3333333333333333,0.5,20.25,7.75,2.154185,0.08615095155713003,11.583333333333334,4.631184930630011,0.03814293987905099
1496SCN,30.0,24.333333333333332,26.916666666666668,0.3333333333333333,0.9166666666666666,0.25,0.5833333333333334,0.6666666666666666,22.0,10.25,2.2375547916666667,0.09313658752917064,10.333333333333334,4.307886520626291,0.04624784334023465
1503SCN,30.0,22.666666666666668,27.333333333333332,1.0,1.4444444444444444,0.1111111111111111,0.4444444444444444,0.8888888888888888,21.555555555555557,13.333333333333334,2.4372613111111114,0.10828367395289816,8.444444444444445,3.62320042276564,0.05632290042515485
1507SCN,30.0,23.5,26.375,1.125,1.25,0.25,0.125,0.375,22.5,9.5,2.258289325,0.09536166731818906,9.875,4.013197620980296,0.03257794784580499
1508SCN,30.0,25.0,26.235294117647058,0.35294117647058826,0.4117647058823529,0.0,0.058823529411764705,0.29411764705882354,21.235294117647058,7.882352941176471,2.1156550823529408,0.08797749447542198,10.176470588235293,4.296843361501615,0.02717772619221895
1517SCN,30.0,25.083333333333332,26.166666666666668,0.8333333333333334,1.0,0.16666666666666666,0.16666666666666666,0.3333333333333333,20.833333333333332,9.166666666666666,2.1052607749999996,0.0845156460786146,11.0,4.596123302072958,0.028464314469749247
1526SCN,30.0,25.333333333333332,26.5,0.8333333333333334,1.1666666666666667,0.0,0.3333333333333333,0.16666666666666666,21.333333333333332,7.5,2.1134153,0.08412863073032989,11.666666666666666,4.5889374971956745,0.01843434343434344
1527SCN,30.0,26.88888888888889,26.666666666666668,0.2222222222222222,0.4444444444444444,0.0,0.2222222222222222,0.2222222222222222,22.666666666666668,7.222222222222222,1.9892795777777776,0.07596442722879504,12.11111111111111,4.943950887923608,0.023772893772893773
1528SCN,30.0,24.2,27.066666666666666,0.2,0.6666666666666666,0.0,0.4666666666666667,1.0,21.6,13.933333333333334,2.2655539466666665,0.09699874404904245,9.4,3.9003156555533725,0.08447197477777188
1535SCN,30.0,23.5,27.0,0.8333333333333334,0.8333333333333334,0.0,0.0,0.3333333333333333,23.5,11.333333333333334,2.31861415,0.10110233778425998,10.5,4.209131720047052,0.029314204314204315
1536SCN,30.0,25.76923076923077,26.846153846153847,0.7692307692307693,1.0,0.0,0.23076923076923078,0.15384615384615385,23.0,8.0,2.1148728230769227,0.08385324287974774,13.0,5.098300834685274,0.01257199211045365
1540SCN,30.0,24.0,27.25,0.75,1.125,0.125,0.375,0.375,22.375,12.5,2.2787271374999998,0.09511285413459325,9.5,4.16541850978922,0.04380764163372859
1541SCN,30.0,24.0,27.153846153846153,0.46153846153846156,1.3846153846153846,0.07692307692307693,0.9230769230769231,0.5384615384615384,22.46153846153846,13.384615384615385,2.281602646153846,0.09487326588541162,9.923076923076923,4.087099465790718,0.05268878464530639
1543SCN,30.0,25.666666666666668,26.733333333333334,0.3333333333333333,0.9333333333333333,0.2,0.6,0.26666666666666666,21.666666666666668,7.2,2.0959327400000003,0.08210431880296948,12.466666666666667,4.913040150854033,0.018033568685742598
1544SCN,30.0,25.428571428571427,27.285714285714285,0.5714285714285714,0.7142857142857143,0.42857142857142855,0.14285714285714285,0.5714285714285714,22.0,8.714285714285714,2.1539176285714285,0.08471203744495669,12.0,4.763084451780104,0.0421777428920286
1547SCN,30.0,22.5,27.833333333333332,0.8333333333333334,1.7083333333333333,0.08333333333333333,0.875,0.9583333333333334,22.166666666666668,16.666666666666668,2.5018398999999993,0.11032814551937249,8.166666666666666,3.512767145378364,0.07302507083095507
1549SCN,30.0,26.5,26.333333333333332,0.0,0.16666666666666666,0.0,0.16666666666666666,0.16666666666666666,20.833333333333332,3.6666666666666665,1.9921459500000003,0.07797617878077649,11.166666666666666,4.626257076257077,0.022324786324786326
1551SCN,30.0,25.083333333333332,27.083333333333332,0.5,0.5833333333333334,0.0,0.08333333333333333,0.3333333333333333,22.25,9.583333333333334,2.171129291666667,0.08932783668290915,10.916666666666666,4.533886062309022,0.030476754525667574
1556SCN,30.0,24.23076923076923,26.846153846153847,0.9230769230769231,1.3076923076923077,0.0,0.38461538461538464,0.15384615384615385,21.692307692307693,11.692307692307692,2.2541969615384616,0.09486819911563006,10.076923076923077,4.209370729669973,0.020647301416532187
1559SCN,30.0,24.75,27.166666666666668,0.5833333333333334,1.0,0.08333333333333333,0.4166666666666667,0.3333333333333333,22.833333333333332,10.25,2.2128588583333335,0.09051603762511466,10.416666666666666,4.33601934763262,0.02678201890701891
1563SCN,30.0,24.5,26.0,1.5,1.5,0.0,0.0,0.5,19.5,7.5,2.1233333500000002,0.08528985507246377,12.5,4.827795031055901,0.05569444444444445
1566SCN,30.0,22.714285714285715,27.285714285714285,0.42857142857142855,0.8571428571428571,0.0,0.42857142857142855,0.5714285714285714,22.285714285714285,13.428571428571429,2.417087185714286,0.10872762085903635,8.857142857142858,3.657775805974564,0.04111688311688312
1569SCN,30.0,25.0,26.90909090909091,0.36363636363636365,0.5454545454545454,0.0,0.18181818181818182,0.0,23.363636363636363,11.181818181818182,2.170272145454545,0.08987361050602158,11.363636363636363,4.615227331590969,0.004606060606060607
1573SCN,30.0,25.384615384615383,26.76923076923077,0.46153846153846156,0.7692307692307693,0.0,0.3076923076923077,0.5384615384615384,21.846153846153847,8.846153846153847,2.121695846153846,0.0852581086694799,12.307692307692308,4.844478969782872,0.039267688296673806
1577SCN,30.0,23.363636363636363,27.545454545454547,0.9090909090909091,1.5454545454545454,0.0,0.6363636363636364,0.45454545454545453,22.272727272727273,15.0,2.386033872727273,0.10206388130665228,9.0,3.864468435431614,0.0640275506751925
1580SCN,30.0,24.0,27.46153846153846,0.6923076923076923,1.3846153846153846,0.0,0.6923076923076923,0.15384615384615385,23.384615384615383,13.615384615384615,2.3339773538461537,0.09876849867520524,9.461538461538462,4.04285346958908,0.02757631257631258
1581SCN,30.0,22.846153846153847,27.384615384615383,0.7692307692307693,1.6153846153846154,0.15384615384615385,0.8461538461538461,0.9230769230769231,22.0,13.153846153846153,2.4120080999999995,0.1040261873900318,9.23076923076923,3.858564532340276,0.07929640206814119
1584SCN,30.0,24.0,27.333333333333332,0.5555555555555556,1.0,0.0,0.4444444444444444,0.3333333333333333,23.333333333333332,14.11111111111111,2.3259228333333337,0.1016611926273762,10.222222222222221,4.285860903276362,0.04791666666666666
1586SCN,30.0,23.866666666666667,26.733333333333334,0.7333333333333333,1.4,0.13333333333333333,0.6666666666666666,0.6666666666666666,21.0,12.4,2.2847648733333332,0.0962169456155188,9.8,4.137049686900946,0.057783480770437295
1588SCN,30.0,23.666666666666668,27.333333333333332,0.2222222222222222,0.8888888888888888,0.2222222222222222,0.6666666666666666,0.8888888888888888,23.666666666666668,13.11111111111111,2.3349698222222224,0.10047662021473361,10.444444444444445,4.190625454345261,0.06764669576263778
1594SCN,30.0,24.333333333333332,27.333333333333332,0.16666666666666666,0.6666666666666666,0.0,0.5,0.5,23.166666666666668,12.5,2.25559965,0.09509313820908023,9.666666666666666,4.026462051809452,0.06149187452758881
1597SCN,30.0,24.28,27.8,1.04,1.52,0.12,0.48,0.76,23.04,13.52,2.313677372,0.09460927337477486,10.64,4.428366286345234,0.05863095074262122
1603SCN,30.0,24.1875,27.375,0.5625,0.875,0.0625,0.3125,0.5,22.8125,15.1875,2.28056253125,0.0959418811864464,9.125,3.903401645022068,0.04465551099033243
1604SCN,30.0,24.0,27.533333333333335,0.5333333333333333,1.0,0.06666666666666667,0.4666666666666667,0.6666666666666666,23.2,13.066666666666666,2.31671704,0.09813128606568729,10.133333333333333,4.234632279323354,0.04756965028360909
1605SCN,30.0,23.22222222222222,27.333333333333332,0.6666666666666666,1.7777777777777777,0.2222222222222222,1.1111111111111112,0.6666666666666666,21.77777777777778,16.11111111111111,2.368250922222222,0.09917536720231863,8.666666666666666,3.7375053814921606,0.046054140438198415
1606SCN,30.0,24.0,27.545454545454547,0.45454545454545453,1.0909090909090908,0.0,0.6363636363636364,0.6363636363636364,22.545454545454547,15.090909090909092,2.3109988363636367,0.09768038285824848,9.727272727272727,4.000767032703791,0.055735026627177955
1607SCN,30.0,24.933333333333334,26.933333333333334,0.4666666666666667,0.7333333333333333,0.06666666666666667,0.26666666666666666,0.26666666666666666,22.0,13.266666666666667,2.17621062,0.0889609499464572,10.2,4.245200299213042,0.030762594893029675
1611SCN,30.0,24.916666666666668,26.916666666666668,0.3333333333333333,1.0,0.08333333333333333,0.6666666666666666,0.3333333333333333,23.25,10.416666666666666,2.182281725,0.08893262749157171,11.916666666666666,4.825213849936883,0.025636140563676798
1616SCN,30.0,24.1,27.35,0.55,1.35,0.05,0.8,0.5,22.55,13.25,2.28835846,0.095238277105554,10.05,4.128864005858487,0.04374480920808153
1618SCN,30.0,22.0,27.923076923076923,1.3076923076923077,2.1538461538461537,0.0,0.8461538461538461,1.0769230769230769,22.0,13.0,2.5794539076923084,0.11550325263932025,8.384615384615385,3.6308480093905207,0.07057910656594867
1624SCN,30.0,25.272727272727273,27.363636363636363,0.2727272727272727,0.7272727272727273,0.09090909090909091,0.45454545454545453,0.2727272727272727,23.363636363636363,15.363636363636363,2.181824563636363,0.08831657143910109,10.636363636363637,4.434159718037397,0.02809782457401505
1626SCN,30.0,25.545454545454547,26.636363636363637,0.09090909090909091,0.2727272727272727,0.09090909090909091,0.18181818181818182,0.2727272727272727,21.181818181818183,11.545454545454545,2.105904372727273,0.08623176998671069,10.363636363636363,4.313992772361818,0.02997417236547671
1628SCN,30.0,25.5,26.666666666666668,0.08333333333333333,0.5833333333333334,0.08333333333333333,0.5,0.16666666666666666,23.0,8.416666666666666,2.1016138833333335,0.08446884754980706,10.833333333333334,4.448823191257172,0.01057449494949495
1631SCN,30.0,24.875,27.0,0.375,0.625,0.0,0.25,0.375,22.875,12.875,2.1736064749999997,0.08914462349244956,10.0,4.199654168827762,0.023641025641025642
1633SCN,30.0,24.428571428571427,27.428571428571427,0.7857142857142857,1.4285714285714286,0.0,0.6428571428571429,0.2857142857142857,23.642857142857142,14.0,2.2735258000000003,0.0936594093736951,10.142857142857142,4.329960115012419,0.0298572815437804
2176SCN,30.0,24.846153846153847,26.76923076923077,0.23076923076923078,0.6923076923076923,0.38461538461538464,0.46153846153846156,0.3076923076923077,22.384615384615383,10.923076923076923,2.1787341538461544,0.08893908639254589,10.76923076923077,4.347002823862118,0.027887368650438536
