File,WC,Nodes,Edges,RE,PE,L1,L2,L3,LCC,LSC,ATD,Density,Diameter,ASP,CC
1000SCN_0_processed,273,136,244,24,33,0,9,13,136,98,3.5882354,0.02298474945533769,11,3.7164488017429202,0.09014881360469595
1001SCN_0_processed,1240,401,1129,250,276,14,32,123,401,356,5.630923,0.010461346633416458,8,3.2365586034912712,0.1345171953687962
1002SCN_0_processed,357,170,324,31,39,0,8,10,169,150,3.8117647,0.01983988861816916,10,3.7816286277824718,0.049962360032692506
1003SCN_0_processed,176,92,152,15,20,3,6,7,88,55,3.3043478,0.030817009077878644,13,4.44383490073145,0.08611672144280841
1004SCN_0_processed,727,236,661,108,132,6,24,71,236,209,5.601695,0.018860439956725567,9,3.302055535521098,0.11953232005552256
1006SCN_0_processed,356,168,311,18,24,2,6,7,167,133,3.702381,0.02031650983746792,8,3.613087078854339,0.06994196279910565
1009SCN_0_processed,490,218,446,44,50,7,9,22,216,192,4.091743,0.01644611677165687,9,3.7328596037898367,0.08435815149898643
1010SCN_0_processed,306,157,283,20,30,2,10,18,155,135,3.6050956,0.020496488649354893,10,3.4852115626309175,0.13065051962564003
1011SCN_0_processed,164,104,150,6,9,0,3,2,102,77,2.8846154,0.026325616131441375,11,4.372743156668609,0.03733001141908025
1012SCN_0_processed,349,153,331,43,52,2,9,10,153,136,4.3267975,0.023821809425524594,11,3.708462332301341,0.07467987819775593
1013SCN_0_processed,348,164,314,26,38,3,12,17,164,138,3.8292682,0.0204249588508155,10,3.6804578781984154,0.07875775232959328
1014SCN_0_processed,165,91,150,11,12,0,1,7,91,71,3.2967033,0.0336996336996337,7,3.4671550671550677,0.0967289731025995
1015SCN_0_processed,333,172,309,31,33,1,2,12,172,156,3.5930233,0.01869985040119679,8,3.862233102135181,0.07812302537405941
1017SCN_0_processed,112,67,104,7,8,0,1,2,67,61,3.1044776,0.04341926729986431,8,3.859339665309814,0.05610798819754043
1018SCN_0_processed,376,162,348,38,53,1,15,31,160,135,4.296296,0.02254428341384863,9,3.3979559748427675,0.13805877547352394
1020SCN_0_processed,234,106,212,36,39,2,4,8,106,93,4.0,0.030727762803234502,8,3.3728661275831087,0.1426264983674096
1021SCN_0_processed,296,121,275,47,55,2,8,16,120,115,4.5454545,0.03002754820936639,7,3.323669467787114,0.1431854355619164
1022SCN_0_processed,299,141,276,28,31,3,3,15,140,119,3.9148936,0.024518743667679838,8,3.478006166495375,0.1241418756260898
1023SCN_0_processed,161,86,147,10,14,0,4,6,85,72,3.4186046,0.036388508891928864,9,3.7170868347338937,0.08361641418556963
1024SCN_0_processed,200,107,182,18,24,1,6,16,92,73,3.401869,0.027684711691059776,9,3.5334448160535117,0.12405681739106696
1025SCN_0_processed,294,149,276,15,19,4,4,17,148,137,3.704698,0.022945764556502813,11,3.580989152417724,0.11999547443580938
1027SCN_0_processed,186,105,168,10,16,0,6,9,100,78,3.2,0.02783882783882784,13,3.8113131313131317,0.11728887605734895
1028SCN_0_processed,657,263,604,77,88,8,13,28,263,241,4.593156,0.014744724697413869,7,3.528604185412012,0.06130163521647097
1029SCN_0_processed,452,208,420,25,37,3,12,27,208,189,4.0384617,0.017651430694908956,9,3.6157562244518777,0.14161036976966743
1030SCN_0_processed,250,127,236,24,31,0,7,15,127,108,3.7165353,0.025621797275340582,9,3.548431446069239,0.11279261987923404
1031SCN_0_processed,348,161,327,40,46,5,6,23,154,142,4.062112,0.02142857142857143,7,3.4021729904082854,0.10882002728057051
1032SCN_0_processed,163,93,150,12,15,0,3,4,90,76,3.2258065,0.03155680224403927,8,3.8042446941323362,0.06103380420268465
1033SCN_0_processed,134,64,125,12,17,2,5,9,63,57,3.90625,0.05257936507936508,7,2.9672299027137736,0.08789128465381366
1034SCN_0_processed,548,215,520,73,89,2,16,41,215,199,4.837209,0.018648119973918714,8,3.280156487720061,0.1338365236106303
1035SCN_0_processed,730,231,687,142,165,3,23,61,231,214,5.948052,0.01953698475437606,7,3.1571616789008106,0.16181828629656936
1036SCN_0_processed,642,263,580,78,87,10,15,54,263,218,4.4106464,0.014019098481989957,10,3.7390357878849447,0.09215383326684005
1037SCN_0_processed,235,114,221,29,35,0,6,12,114,97,3.877193,0.02887750349324639,8,3.48998602701444,0.08840798434451685
1038SCN_0_processed,133,78,122,9,14,1,5,5,76,64,3.128205,0.03563103563103563,9,3.7736842105263144,0.09098572367803136
1039SCN_0_processed,101,64,93,3,5,3,2,3,54,45,2.90625,0.042162698412698416,8,3.5338923829489874,0.027693833943833943
1040SCN_0_processed,259,134,246,22,27,1,5,10,134,121,3.6716418,0.024464145438222423,9,3.6173268993378986,0.08785331643865062
1042SCN_0_processed,254,125,236,26,28,9,3,12,122,98,3.776,0.02567741935483871,10,3.671860181547216,0.09558067579479343
1043SCN_0_processed,332,193,308,13,17,0,4,13,192,171,3.1917098,0.015705958549222798,9,3.818062827225131,0.09965686553617062
1044SCN_0_processed,265,136,244,25,34,1,9,10,136,108,3.5882354,0.022766884531590415,10,3.6619825708061002,0.08045368923464898
1046SCN_0_processed,924,331,834,112,124,11,15,59,331,297,5.0392747,0.012798681680856908,8,3.4757850407397255,0.11586692827283951
1047SCN_0_processed,339,154,308,41,52,5,12,19,154,121,4.0,0.02130549189372719,9,3.664714370596725,0.11216320078389042
1048SCN_0_processed,256,131,231,19,22,2,4,12,130,118,3.5267177,0.024310041103934234,8,3.290638044126415,0.13640384212903295
1050SCN_0_processed,167,93,152,18,20,1,2,6,90,81,3.2688172,0.030621785881252923,7,3.7425717852684133,0.09549874448006875
1054SCN_0_processed,320,161,295,27,31,0,4,9,160,144,3.6645963,0.020496894409937887,10,3.7861635220125778,0.04792509231814154
1060SCN_0_processed,467,166,437,81,89,3,8,27,166,160,5.2650604,0.025191675794085433,7,3.178167214311793,0.15515480597014425
1064SCN_0_processed,586,266,525,40,55,1,15,38,262,232,3.9473684,0.013306852035749751,9,3.422245620192448,0.13072135056837347
1070SCN_0_processed,614,255,557,79,92,3,14,36,255,219,4.3686275,0.014265863825845299,10,3.5667129844063603,0.12485981689923413
1072SCN_0_processed,435,219,395,32,38,2,7,10,219,189,3.607306,0.014871601524862804,10,3.74487872313686,0.06559571991056033
1073SCN_0_processed,444,222,397,21,28,5,8,12,220,202,3.5765765,0.01483836777954425,9,3.7425072644250714,0.05485901422379148
1085SCN_0_processed,329,187,304,14,20,1,6,6,187,162,3.2513368,0.01627278477373354,10,4.1685354493703635,0.03480487658088908
1088SCN_0_processed,149,76,141,7,10,1,3,9,76,73,3.7105262,0.0456140350877193,7,3.2835087719298257,0.10897983154480627
1089SCN_0_processed,1255,362,1175,244,277,13,35,161,361,333,6.4917126,0.013544328981803156,9,3.1557556171129573,0.18239738897882923
1090SCN_0_processed,230,122,218,14,16,3,3,11,122,112,3.5737705,0.026961116379894325,9,3.8180463351849343,0.08326339081300253
1091SCN_0_processed,418,212,392,27,36,4,9,18,212,190,3.6981132,0.015738174014128588,9,3.900786908700707,0.09034711684890286
1092SCN_0_processed,358,159,339,36,43,5,8,28,158,153,4.264151,0.023166945306902317,7,3.2935580101588333,0.15396688910092052
1093SCN_0_processed,852,331,804,105,125,12,25,40,331,308,4.858006,0.01221276206170466,9,3.5260459580701284,0.11364519047358065
1094SCN_0_processed,273,130,259,26,34,0,8,17,130,116,3.9846153,0.026833631484794274,8,3.4209898628503277,0.13033127288033994
1095SCN_0_processed,404,216,379,21,29,0,8,15,216,201,3.5092592,0.015073212747631352,10,3.8371231696813095,0.06895625124275973
1096SCN_0_processed,121,57,113,16,19,0,3,11,57,52,3.9649122,0.05889724310776942,7,3.0263157894736827,0.1709679610608403
1097SCN_0_processed,1050,371,981,147,172,9,26,71,371,325,5.2884097,0.011655860712464486,11,3.4238362351569918,0.13146654754524498
1099SCN_0_processed,473,161,446,131,145,0,14,46,161,140,5.540373,0.023369565217391305,11,3.265683229813663,0.17633411347791658
1100SCN_0_processed,296,139,280,27,30,0,3,15,139,129,4.028777,0.026066103638828067,9,3.452090501511833,0.11360869814603376
1101SCN_0_processed,253,125,235,24,34,2,10,14,124,110,3.76,0.02567741935483871,8,3.58575924468922,0.12553918457675575
1102SCN_0_processed,170,110,159,10,10,0,0,2,109,88,2.8909092,0.024854045037531275,10,4.244308528712196,0.040049193231011415
1103SCN_0_processed,564,238,513,54,77,4,23,50,237,218,4.3109245,0.015317519412828422,6,3.146356289780449,0.16997623781215648
1104SCN_0_processed,191,96,173,20,22,1,2,11,91,71,3.6041667,0.03289473684210526,10,3.442490842490841,0.08563995032745032
1105SCN_0_processed,1303,389,1166,211,230,11,21,125,389,332,5.9948587,0.012257175416743964,9,3.348859088861209,0.11628498280284313
1106SCN_0_processed,675,266,617,82,91,4,10,25,265,237,4.6390977,0.014810611434245993,9,3.5343053173241885,0.07832356858574463
1107SCN_0_processed,230,102,210,36,43,0,7,15,102,80,4.117647,0.0324208891477383,12,3.727819840807609,0.1645767170316506
1108SCN_0_processed,919,289,841,163,189,9,28,96,285,253,5.8200693,0.015450788158400616,8,3.2919199406968143,0.11527323745536174
1109SCN_0_processed,505,246,457,32,41,15,17,22,243,211,3.7154472,0.013306786129085781,8,3.7188722239227294,0.0641464607159267
1110SCN_0_processed,859,259,793,190,211,14,27,71,259,234,6.1235523,0.01700038909341235,6,3.1258268235012463,0.13620977709370094
1111SCN_0_processed,471,230,434,43,58,3,15,20,227,194,3.7739131,0.014163660527814695,9,3.6723324626720206,0.08479298986773491
1113SCN_0_processed,807,308,755,103,125,4,23,72,308,281,4.9025974,0.013240830830407377,7,3.315559033800078,0.11732744898734894
1114SCN_0_processed,446,219,411,35,43,2,8,17,219,197,3.7534246,0.015332411712957145,11,3.8493988521637132,0.06732713785072161
1115SCN_0_processed,117,61,103,7,11,1,4,9,60,42,3.3770492,0.04972677595628415,8,3.5480225988700576,0.1695029924538121
1116SCN_0_processed,111,57,99,12,13,0,1,4,56,52,3.4736843,0.05388471177944862,6,3.1129870129870136,0.14645485324155688
1117SCN_0_processed,81,49,74,3,8,0,5,3,49,36,3.0204082,0.05612244897959184,9,3.6122448979591826,0.12617257429287507
1118SCN_0_processed,1651,466,1557,335,394,17,65,304,466,437,6.6824036,0.010577322442198533,9,3.1189994923623576,0.21956858905438123
1119SCN_0_processed,69,51,63,0,1,0,1,3,51,36,2.4705882,0.04862745098039216,15,4.756078431372549,0.08670703575547865
1120SCN_0_processed,315,142,290,28,38,3,10,33,142,122,4.084507,0.024872640095894516,10,3.393567076216161,0.21501976574470358
1121SCN_0_processed,504,241,470,37,45,4,8,20,238,214,3.900415,0.014557399723374827,9,3.7048540935361474,0.09824687374198679
1122SCN_0_processed,131,73,119,5,10,2,6,5,71,56,3.260274,0.04071537290715373,9,3.7726358148893357,0.09652641878669276
1123SCN_0_processed,425,208,399,34,44,5,11,22,208,184,3.8365386,0.0162578966926793,9,3.789529914529919,0.042559463546231226
1124SCN_0_processed,410,200,372,32,44,4,13,27,200,187,3.72,0.01628140703517588,7,3.327989949748745,0.13623901431348598
1125SCN_0_processed,368,199,341,19,25,0,6,18,197,170,3.4271357,0.016039794934267295,10,3.9941468973376173,0.07168848787623777
1126SCN_0_processed,93,66,85,1,4,0,3,5,62,43,2.5757575,0.03776223776223776,10,4.635113696456901,0.14813721631903448
1127SCN_0_processed,1001,309,936,174,189,2,15,113,309,288,6.0582523,0.015655865170428277,7,3.1589963434623662,0.1796212659690139
1128SCN_0_processed,488,240,459,36,41,0,5,21,240,209,3.825,0.014574616457461645,9,3.637726638772664,0.08477973913708087
1129SCN_0_processed,176,97,166,19,22,0,3,7,97,82,3.4226804,0.030927835051546393,12,4.1711769759450155,0.10674379578340511
1130SCN_0_processed,966,345,909,152,179,2,27,77,344,317,5.269565,0.012268284462419952,8,3.4743711438063585,0.09640153985509334
1131SCN_0_processed,700,256,662,96,115,4,19,58,256,239,5.171875,0.016636029411764706,10,3.303952205882352,0.13060263366433308
1133SCN_0_processed,415,200,390,25,32,1,7,20,200,183,3.9,0.01793969849246231,10,3.5089447236180904,0.09500988682933027
1134SCN_0_processed,306,174,285,14,17,5,4,9,174,148,3.275862,0.017473921998538304,11,4.167032090890971,0.08312490640164276
1135SCN_0_processed,280,113,265,36,40,2,4,8,113,109,4.6902657,0.035240202275600506,6,3.1129898862199727,0.11724187182281923
1136SCN_0_processed,256,134,240,12,19,3,7,11,132,125,3.5820897,0.024464145438222423,8,3.3747397640527406,0.10810922336036702
1137SCN_0_processed,258,131,235,18,24,1,6,14,131,110,3.5877862,0.024662360540223135,11,3.7968291250733985,0.10788666380269434
1138SCN_0_processed,421,211,384,33,40,1,7,18,211,187,3.6398103,0.015481832543443918,11,3.883502595350936,0.08720400589545456
1139SCN_0_processed,141,85,130,6,8,1,2,1,82,72,3.0588236,0.033893557422969185,9,3.8647997591087027,0.05430658537924975
1140SCN_0_processed,153,77,139,17,22,2,5,7,76,64,3.6103897,0.0393028024606972,8,3.3789473684210534,0.051779552400670406
1141SCN_0_processed,356,148,328,63,72,4,10,23,146,133,4.4324327,0.023166023166023165,7,3.264430798299481,0.1319152027872958
1142SCN_0_processed,366,153,337,36,43,6,7,24,153,134,4.4052286,0.02476780185758514,9,3.388200894392846,0.12059087485694664
1143SCN_0_processed,448,209,407,38,46,2,8,20,209,166,3.8947368,0.016516378358483623,10,3.696862348178139,0.11119670785262631
1144SCN_0_processed,86,59,76,6,6,1,0,3,38,27,2.5762713,0.04032729398012858,12,4.450924608819346,0.05367231638418079
1145SCN_0_processed,381,184,345,23,27,2,4,12,182,156,3.75,0.018769303872653836,9,3.6510230101390326,0.07185266029768411
1146SCN_0_processed,600,254,536,68,87,5,20,30,254,213,4.2204723,0.013818430798916934,8,3.4696399116118384,0.11750979107607908
1147SCN_0_processed,183,99,168,14,19,0,5,9,94,69,3.3939395,0.030715316429602145,11,4.201098146877143,0.0872602364697226
1148SCN_0_processed,507,249,460,34,51,2,17,26,249,209,3.6947792,0.013181759295245498,9,3.7180658116336316,0.0759466215366597
1149SCN_0_processed,279,132,253,27,38,1,11,9,132,110,3.8333333,0.024751330094841546,8,3.537011334721259,0.07670456438614649
1150SCN_0_processed,543,218,498,63,71,4,9,18,218,183,4.568807,0.01788356656660889,8,3.4795586183570792,0.10203475413269851
1151SCN_0_processed,538,248,485,44,56,5,15,29,248,219,3.9112904,0.0138435418571242,8,3.4653258456314497,0.10582736657741217
1152SCN_0_processed,600,236,548,77,93,3,16,51,233,202,4.644068,0.016300036062026686,8,3.349045434364364,0.1601121366970841
1153SCN_0_processed,952,333,871,157,172,6,15,72,332,297,5.231231,0.01253663301856073,11,3.425417682815856,0.13639623190397107
1155SCN_0_processed,457,183,420,75,87,5,12,43,183,164,4.5901637,0.019696150843691827,7,3.273824536119618,0.14814945776297714
1156SCN_0_processed,117,65,106,15,22,0,7,3,60,45,3.2615385,0.04038461538461539,10,3.3745762711864415,0.06788177339901477
1157SCN_0_processed,441,225,389,22,31,1,9,22,218,181,3.4577777,0.014166666666666666,10,3.7360588508857235,0.09188744588744588
1158SCN_0_processed,222,122,202,11,15,3,4,6,122,108,3.3114755,0.024928871426635957,8,3.826852729982388,0.07304593214711924
1159SCN_0_processed,303,132,274,40,48,2,8,12,129,107,4.151515,0.02590793430488087,9,3.574249031007752,0.07599813659305638
1160SCN_0_processed,391,201,354,20,25,6,8,11,200,179,3.522388,0.01606965174129353,8,3.6843216080402037,0.07127154076737954
1161SCN_0_processed,354,148,325,53,63,3,10,20,148,124,4.391892,0.023809523809523808,9,3.4772016914874073,0.09709229516531745
1162SCN_0_processed,300,117,271,41,46,2,5,14,117,106,4.6324787,0.032861774241084586,7,3.1423519009725913,0.1295777319797361
1163SCN_0_processed,591,269,536,49,59,3,11,37,268,233,3.98513,0.013149864062586695,8,3.578064732517189,0.11539946045042741
1164SCN_0_processed,552,244,497,43,51,7,8,18,242,205,4.0737705,0.014808068542130473,10,3.7477452762250922,0.08797544582843367
1165SCN_0_processed,211,95,197,28,29,3,2,13,95,82,4.1473684,0.036954087346024636,7,3.3402015677491597,0.12212717035105826
1166SCN_0_processed,146,75,135,6,11,1,5,9,75,70,3.6,0.04432432432432432,6,3.0162162162162165,0.13234951667209732
1167SCN_0_processed,385,202,359,16,20,2,4,8,202,178,3.5544555,0.016600167479434512,9,3.8371016206098214,0.047505717931664415
1168SCN_0_processed,352,152,332,43,52,3,9,21,151,140,4.368421,0.024137330080167305,7,3.2105077262693147,0.11184609584847312
1169SCN_0_processed,546,215,518,74,85,0,11,35,215,202,4.8186045,0.018821995218430775,7,3.3784394696805022,0.1195774293470625
1170SCN_0_processed,272,128,256,29,34,3,5,13,128,121,4.0,0.026943897637795276,8,3.3940698818897634,0.12161836469601017
1171SCN_0_processed,657,246,603,72,100,4,28,45,246,225,4.902439,0.016558818649410983,7,3.3335988053758103,0.12647954729689972
1172SCN_0_processed,100,57,93,10,12,1,2,3,57,46,3.2631578,0.05012531328320802,7,3.3408521303258154,0.10140254482359745
1173SCN_0_processed,198,103,181,18,20,2,2,8,102,85,3.514563,0.03026841804683038,8,3.7619879635022313,0.06851831936069516
1174SCN_0_processed,132,79,123,5,5,1,0,3,76,70,3.113924,0.0379746835443038,8,3.7112280701754394,0.05503132591740186
1175SCN_0_processed,318,140,298,41,43,1,2,10,140,127,4.257143,0.026104830421377186,8,3.2681397738951694,0.08264436077461289
1176SCN_0_processed,198,100,183,17,23,0,6,6,99,90,3.66,0.03232323232323232,9,3.5431869717584026,0.05852906031166899
1177SCN_0_processed,267,161,248,10,15,2,5,10,160,134,3.0807455,0.017934782608695653,10,4.076650943396227,0.07466408592553299
1178SCN_0_processed,176,104,165,11,14,2,3,5,97,89,3.1730769,0.027819268110530246,8,3.7409793814432986,0.10297897243967477
1179SCN_0_processed,169,94,159,15,21,0,6,9,94,83,3.3829787,0.031571722717913524,6,3.2145962022420504,0.11180715150616553
1180SCN_0_processed,386,175,352,37,50,0,13,25,173,150,4.022857,0.019835796387520525,9,3.319196128511898,0.161173766149751
1181SCN_0_processed,77,36,69,14,21,0,7,6,33,31,3.8333333,0.0761904761904762,6,2.6079545454545454,0.19283625730994153
1182SCN_0_processed,442,226,408,46,55,1,9,15,224,199,3.6106195,0.01384464110127827,10,3.6508648302370283,0.0665634024746261
1183SCN_0_processed,260,148,238,13,16,1,3,7,144,128,3.2162163,0.02031623460194889,7,3.3484848484848495,0.09801999801999801
1185SCN_0_processed,92,65,83,4,4,0,0,0,63,43,2.5538461,0.03798076923076923,13,4.138248847926267,0.0
1186SCN_0_processed,215,148,195,7,9,1,2,1,141,114,2.6351352,0.017006802721088437,16,5.318743667679838,0.007957132957132957
1187SCN_0_processed,351,197,324,12,19,4,7,13,197,165,3.28934,0.01559100797679478,11,4.096498497876307,0.05409786185771277
1188SCN_0_processed,303,171,273,9,13,1,4,10,163,135,3.1929824,0.01781905744754042,9,3.680905854729987,0.0798794123355527
1189SCN_0_processed,95,61,89,9,10,1,1,1,61,45,2.918033,0.04262295081967213,12,4.431147540983606,0.037378468526009505
1190SCN_0_processed,329,181,306,17,22,2,5,12,180,153,3.3812156,0.01731123388581952,13,4.119925512104284,0.07690837158705725
1191SCN_0_processed,159,85,148,13,17,2,4,5,85,72,3.482353,0.03613445378151261,11,3.9745098039215665,0.0741648067426614
1192SCN_0_processed,48,34,42,2,3,0,1,1,33,21,2.4705882,0.06951871657754011,10,4.276515151515151,0.07950089126559715
1193SCN_0_processed,329,194,304,12,16,0,4,3,191,156,3.1340206,0.01538379360076919,12,4.2561036098098635,0.024942775801992185
1195SCN_0_processed,73,46,68,4,6,0,2,1,46,28,2.9565217,0.05990338164251208,8,3.6927536231884064,0.009698996655518394
1196SCN_0_processed,250,153,230,9,14,3,6,3,150,123,3.006536,0.018317853457172344,11,4.242595078299777,0.04003688583068722
1197SCN_0_processed,262,136,239,33,39,2,6,13,130,96,3.514706,0.021568627450980392,13,4.1611210494931425,0.09599118312353604
1198SCN_0_processed,150,85,138,10,14,2,4,4,85,75,3.2470589,0.03417366946778711,9,3.703361344537815,0.027346798368470194
1199SCN_0_processed,112,53,102,11,18,1,7,7,53,49,3.8490567,0.0602322206095791,7,3.1843251088534115,0.15516401529165127
1200SCN_0_processed,267,163,242,8,12,2,5,4,162,113,2.969325,0.017268802544876165,12,4.454566367609843,0.042584978940638694
1201SCN_0_processed,537,258,490,38,45,1,7,32,257,228,3.7984495,0.013392453171658674,9,3.6255775778210118,0.09634733119358113
1202SCN_0_processed,204,100,185,29,33,1,4,9,98,78,3.7,0.030505050505050504,9,3.6393856511676828,0.1381074148074148
1203SCN_0_processed,532,235,488,51,57,6,8,16,235,196,4.1531916,0.015457355882887798,12,3.7573740680123677,0.08139071372657493
1204SCN_0_processed,279,166,250,12,13,0,1,4,166,133,3.0120482,0.017305585980284775,12,4.521431179262506,0.052842729031695415
1205SCN_0_processed,290,131,268,42,49,1,7,21,131,112,4.0916033,0.02560187903699354,8,3.5155607751027613,0.10295392129698372
1206SCN_0_processed,348,193,315,28,30,0,2,7,191,135,3.2642486,0.015382124352331605,11,4.435932763846791,0.0439519670314197
1207SCN_0_processed,157,94,142,10,15,4,6,1,88,60,3.0212767,0.028140013726835965,13,4.713166144200628,0.01619385342789598
1208SCN_0_processed,273,120,237,33,37,1,4,8,120,97,3.95,0.027871148459383755,8,3.582072829131652,0.12182150638032989
1209SCN_0_processed,266,155,242,15,24,1,9,8,155,124,3.1225805,0.01818181818181818,11,4.162966066191871,0.06348581739952958
1211SCN_0_processed,75,44,68,5,5,0,0,3,43,37,3.090909,0.06659619450317125,8,3.1760797342192695,0.12223370064279154
1212SCN_0_processed,315,184,282,6,11,0,5,11,184,149,3.0652175,0.016096459966737944,12,4.302565930149682,0.06240880691955029
1214SCN_0_processed,349,186,308,10,15,2,5,19,183,137,3.311828,0.016913687881429818,12,4.027982946015732,0.1051415996354817
1215SCN_0_processed,117,66,106,12,12,0,0,4,66,49,3.2121212,0.04382284382284382,10,3.9062937062937064,0.07258187940006122
1216SCN_0_processed,372,207,335,13,17,3,5,12,207,150,3.236715,0.014774166314900802,12,4.378124853430889,0.058504097861869934
1217SCN_0_processed,460,221,412,31,42,3,11,23,220,176,3.7285068,0.015096668037844508,9,3.72972187629722,0.10075614209231458
1218SCN_0_processed,179,94,163,9,14,0,5,1,94,81,3.468085,0.0340883093113704,8,3.666209105467857,0.0351735439501397
1219SCN_0_processed,148,84,135,8,10,2,2,4,83,73,3.2142856,0.035283993115318414,9,4.070526006464884,0.030084862227719375
1220SCN_0_processed,137,80,121,6,12,1,6,4,79,62,3.025,0.03417721518987342,10,3.902629016553068,0.07687362758014932
1222SCN_0_processed,385,188,362,38,50,1,12,28,188,172,3.8510637,0.017692570258277394,8,3.357833655705996,0.1296444623534824
1223SCN_0_processed,257,145,236,14,20,1,6,18,144,122,3.2551725,0.020593869731800767,10,3.5595376845376854,0.1340144385702195
1224SCN_0_processed,435,180,407,74,86,1,12,28,180,148,4.522222,0.019863438857852266,10,3.349099937926757,0.1654019597665764
1225SCN_0_processed,514,228,487,62,82,2,20,60,228,208,4.2719297,0.015573073653296236,9,3.3887085555297953,0.13666801576647092
1226SCN_0_processed,143,79,134,13,20,0,7,7,79,72,3.392405,0.03700097370983447,8,3.4209672184355737,0.07942570306166988
1228SCN_0_processed,508,225,482,68,84,5,18,61,224,210,4.2844443,0.015595238095238096,8,3.1203155028827676,0.25411337618639707
1229SCN_0_processed,490,242,462,32,42,5,11,31,242,212,3.8181818,0.014231336373924076,14,3.690477006961349,0.13866437556793573
1230SCN_0_processed,75,48,69,3,3,1,0,3,45,38,2.875,0.057624113475177305,7,3.225252525252525,0.06310934095860567
1231SCN_0_processed,498,212,472,58,78,4,20,38,212,197,4.4528303,0.017437181436108378,9,3.362246266654742,0.13717991260528462
1232SCN_0_processed,107,58,101,13,22,0,9,12,56,48,3.4827585,0.04779189352692075,8,3.1915584415584424,0.17953644057092336
1233SCN_0_processed,457,205,427,63,84,1,21,43,205,184,4.1658535,0.0163558106169297,8,3.300143472022953,0.17152947181866157
1234SCN_0_processed,72,45,67,4,5,0,1,7,45,30,2.9777777,0.06262626262626263,12,3.961616161616161,0.23107149930679344
1235SCN_0_processed,306,175,287,17,25,0,8,22,174,146,3.28,0.01720853858784893,9,3.5751777290545523,0.15515493211345743
1236SCN_0_processed,198,100,186,19,28,4,10,9,99,83,3.72,0.03111111111111111,10,3.6400742115027827,0.06373259690501068
1237SCN_0_processed,325,189,298,8,12,2,4,12,189,148,3.153439,0.01598559045367556,15,4.464651581672857,0.06365205371773516
1238SCN_0_processed,175,118,159,4,8,0,4,2,112,90,2.6949153,0.021874547298276113,14,4.7559523809523805,0.04025776206733335
1240SCN_0_processed,509,234,479,52,61,1,9,15,234,218,4.094017,0.015296577528337185,9,3.701661714537252,0.07071183631388818
1241SCN_0_processed,67,42,60,4,8,0,4,2,37,32,2.857143,0.06039488966318235,8,3.3153153153153156,0.07662337662337662
1242SCN_0_processed,298,177,276,13,20,0,7,8,177,147,3.118644,0.016435541859270673,11,4.151771956856702,0.05328576559882641
1243SCN_0_processed,519,217,491,77,89,1,12,44,217,204,4.525346,0.01711042840075098,8,3.358678955453149,0.15927385014752815
1244SCN_0_processed,315,143,295,29,39,2,11,25,143,127,4.125874,0.02501723628484192,9,3.296661085393481,0.14187393117874397
1245SCN_0_processed,293,163,273,19,22,4,5,10,163,140,3.3496933,0.018707869423615846,10,3.76694690600621,0.07880850965192547
1246SCN_0_processed,176,93,167,15,23,0,8,12,93,82,3.5913978,0.033660589060308554,8,3.2727910238429163,0.10770870841110178
1247SCN_0_processed,120,66,113,11,12,1,1,9,65,60,3.4242425,0.046620046620046623,7,3.1951923076923077,0.1615223665223665
1248SCN_0_processed,278,130,265,25,28,7,6,15,130,126,4.076923,0.027429934406678593,7,3.347763864042932,0.08513428982101438
1250SCN_0_processed,226,102,211,36,44,2,9,16,100,85,4.1372547,0.0320326150262085,8,3.3260606060606053,0.13530302025181476
1252SCN_0_processed,424,168,398,67,75,6,8,33,168,152,4.7380953,0.022597661819218705,8,3.370758483033933,0.0894270190038593
1253SCN_0_processed,108,68,101,4,4,2,1,4,67,63,2.9705882,0.04170324846356453,9,4.0927182270465865,0.03403720462543992
1255SCN_0_processed,319,180,296,17,25,1,8,14,180,147,3.288889,0.01675977653631285,10,4.081067659838613,0.07430941042816439
1256SCN_0_processed,325,153,296,34,41,2,7,5,153,127,3.869281,0.021757825937392502,11,3.9067767457860336,0.058816581373507364
1257SCN_0_processed,271,160,247,14,15,2,1,5,159,143,3.0875,0.018081761006289308,9,4.313430459358332,0.05461440826330531
1258SCN_0_processed,320,183,296,9,15,5,6,7,181,160,3.2349727,0.016573590344082147,9,3.8243707796194015,0.06186255385869657
1259SCN_0_processed,289,160,266,19,25,2,6,6,159,145,3.325,0.018789308176100628,9,4.185176339463417,0.058494677018383914
1260SCN_0_processed,353,169,331,39,55,0,16,31,165,147,3.9171598,0.01944209636517329,8,3.0945306725794537,0.19032801779523373
1261SCN_0_processed,320,183,297,15,20,0,5,9,183,157,3.2459016,0.016633639584459257,9,3.950879721371524,0.03676189360349133
1262SCN_0_processed,336,159,315,42,49,4,8,14,157,145,3.962264,0.020858211925802086,7,3.408214927323207,0.07930110653654367
1263SCN_0_processed,258,148,238,10,15,0,5,7,148,131,3.2162163,0.020500091928663356,8,3.577403934546792,0.0899995274995275
1264SCN_0_processed,293,165,271,21,27,2,7,10,165,132,3.2848485,0.01788617886178862,11,4.140576496674057,0.058591981058328094
1265SCN_0_processed,110,71,101,7,7,1,0,4,71,48,2.8450704,0.03742454728370221,8,3.8812877263581487,0.05162522182537009
1266SCN_0_processed,640,276,601,71,80,2,9,32,276,250,4.3550725,0.013675889328063242,7,3.4379183135704916,0.09868023629828902
1267SCN_0_processed,256,156,237,6,12,0,6,9,156,138,3.0384614,0.018610421836228287,10,4.223821339950375,0.07481474728835212
1269SCN_0_processed,255,155,231,6,10,0,4,5,155,120,2.9806452,0.018516966904063677,10,4.155927943024716,0.02631067270783466
1273SCN_0_processed,585,238,546,88,94,6,7,30,238,219,4.5882354,0.015813920504910824,10,3.520689288373579,0.10943462120703414
1274SCN_0_processed,287,156,267,20,29,2,9,7,156,141,3.4230769,0.019520264681555006,10,3.9607940446650125,0.0573781702517711
1275SCN_0_processed,178,92,165,20,24,0,4,7,92,79,3.5869565,0.03368370759675107,9,3.720019111323458,0.11345196671283626
1277SCN_0_processed,268,161,245,10,15,1,5,7,159,124,3.0434783,0.017779503105590063,12,4.47878353634265,0.05749873644823685
1278SCN_0_processed,437,211,409,37,41,5,7,31,211,194,3.8767772,0.016384563303994584,13,3.768855788761001,0.10646526327805947
1279SCN_0_processed,242,154,221,4,7,1,3,5,154,128,2.8701298,0.018079959256429846,9,4.015363721246074,0.06864628877615891
1280SCN_0_processed,260,122,240,29,34,2,5,15,120,103,3.9344263,0.027638531364313778,10,3.4724089635854347,0.10362548735268978
1282SCN_0_processed,194,131,179,3,5,0,2,2,129,107,2.7328243,0.02043452730475631,11,4.435804263565892,0.041580683947096166
1283SCN_0_processed,352,174,330,39,44,1,5,10,174,156,3.7931035,0.018935618895754434,11,3.779948176200917,0.08526843086890648
1284SCN_0_processed,66,50,56,0,1,1,1,3,45,21,2.24,0.044081632653061226,11,4.338383838383839,0.10465367965367965
1285SCN_0_processed,443,215,413,34,41,3,8,12,215,193,3.8418605,0.016039991306237775,9,3.584438165616171,0.08697997755957516
1286SCN_0_processed,314,166,292,18,25,4,8,11,165,150,3.5180724,0.019204089083607156,8,3.555949741315594,0.0758691609595224
1287SCN_0_processed,466,188,436,66,75,6,11,41,184,170,4.638298,0.020195699169416315,10,3.360596341173675,0.1457614227540188
1289SCN_0_processed,448,223,418,28,35,5,8,17,223,206,3.748879,0.015270876257423342,8,3.503373328485435,0.1038366549577312
1290SCN_0_processed,413,162,388,61,73,5,12,27,162,145,4.7901235,0.023771183191473047,8,3.316233417682694,0.18650834091714963
1292SCN_0_processed,474,237,442,33,42,3,10,18,234,216,3.7299578,0.014195809196881928,7,3.50790506584498,0.09480595092285338
1293SCN_0_processed,95,58,89,5,12,1,7,7,58,46,3.0689654,0.04597701149425287,8,3.667271627344222,0.11751567398119121
1294SCN_0_processed,240,146,219,19,24,0,5,6,143,108,3.0,0.018422295701464336,11,4.289274106175514,0.06944529046212894
1298SCN_0_processed,267,163,244,7,10,3,3,2,161,140,2.993865,0.017496023630992955,9,3.8245341614906825,0.04857404429078827
1300SCN_0_processed,101,68,90,2,3,1,1,1,66,34,2.6470587,0.03775241439859526,11,4.085314685314685,0.05800653594771241
1301SCN_0_processed,262,130,241,34,39,0,5,15,127,115,3.7076924,0.024090638044126415,8,3.6699162604674416,0.08676692951937058
1302SCN_0_processed,90,61,83,1,3,1,2,1,61,32,2.7213116,0.04316939890710383,14,4.367213114754099,0.05668984931280013
1303SCN_0_processed,335,188,299,4,10,1,6,13,187,162,3.180851,0.016384116509272954,8,3.3870392731872827,0.08980389095028168
1304SCN_0_processed,351,153,326,36,43,4,8,25,153,132,4.261438,0.023993808049535603,8,3.4115927072583414,0.08886273067357264
1305SCN_0_processed,318,176,292,20,28,3,8,8,171,158,3.3181818,0.016948051948051948,9,4.032129342965257,0.06508279697321441
1306SCN_0_processed,297,145,271,21,27,2,6,14,145,126,3.737931,0.02318007662835249,9,3.562260536398467,0.10115158825097974
1307SCN_0_processed,288,176,265,9,17,0,8,4,176,150,3.0113637,0.016103896103896103,10,4.7156493506493495,0.024524433899433897
1308SCN_0_processed,307,132,282,40,49,3,9,21,132,113,4.2727275,0.026601896830904463,10,3.49849641452695,0.09917614562042715
1309SCN_0_processed,397,205,369,29,34,0,5,11,205,189,3.6,0.01602104256336681,9,3.909947393591582,0.09079750240509547
1310SCN_0_processed,558,256,516,63,76,1,13,27,256,241,4.03125,0.013449754901960785,8,3.640931372549018,0.11528208321028997
1312SCN_0_processed,181,91,168,13,17,4,5,9,91,78,3.6923077,0.035897435897435895,11,3.7323565323565324,0.1169164169164169
1313SCN_0_processed,320,181,295,6,18,3,12,11,181,171,3.2596686,0.01682013505217925,9,4.110313075506446,0.07074942720995116
1314SCN_0_processed,220,134,203,16,21,1,5,5,130,112,3.0298507,0.020311973964762652,11,4.1593321407274875,0.047647046154508835
1315SCN_0_processed,295,166,269,18,23,2,5,8,163,147,3.240964,0.017816721431179263,8,3.8731348935847927,0.07328600114744692
1316SCN_0_processed,144,81,133,11,14,1,3,3,81,71,3.2839506,0.03641975308641975,10,3.9114197530864194,0.058743411030992725
1317SCN_0_processed,325,184,303,16,23,2,7,6,182,151,3.2934783,0.016512235685435972,11,4.065691214862483,0.0362078017498469
1318SCN_0_processed,214,134,195,5,9,1,4,4,133,109,2.9104478,0.020760857367298845,10,4.177717019822284,0.04558327785128564
1319SCN_0_processed,356,190,330,22,28,2,6,14,190,169,3.4736843,0.01670843776106934,8,3.689445836814259,0.08325414592287658
1322SCN_0_processed,307,173,285,24,28,0,4,4,173,141,3.2947977,0.017273827127302056,11,4.038782094367524,0.04381942951512915
1323SCN_0_processed,281,126,260,38,45,1,7,11,125,116,4.126984,0.027174603174603174,7,3.3081290322580656,0.07993702408285315
1324SCN_0_processed,69,43,64,1,2,0,1,5,42,38,2.9767442,0.06866002214839424,8,3.4053426248548195,0.16903251786972717
1325SCN_0_processed,419,219,383,23,31,7,9,13,215,182,3.497717,0.014452683172049768,10,3.873288415561834,0.07497168975897119
1326SCN_0_processed,454,233,417,33,40,0,7,18,232,193,3.579399,0.013948497854077254,10,3.889573070607555,0.08445042185145454
1328SCN_0_processed,409,209,376,29,36,2,7,16,207,174,3.598086,0.01555023923444976,10,3.963932273345526,0.06650128613961993
1333SCN_0_processed,311,171,287,26,29,2,3,5,168,143,3.3567252,0.01761265909872721,14,4.387724550898205,0.054451370591721455
1335SCN_0_processed,256,115,235,32,40,0,8,12,115,98,4.0869565,0.029748283752860413,10,3.5220442410373747,0.10520649449711235
1336SCN_0_processed,399,206,362,25,34,0,9,11,204,166,3.514563,0.015533980582524271,10,3.844199748865064,0.05512674814539913
1337SCN_0_processed,123,72,111,9,9,0,0,6,71,54,3.0833333,0.03990610328638498,9,3.5778672032193155,0.1141512607092317
1338SCN_0_processed,105,71,95,4,4,0,0,5,71,44,2.6760564,0.036619718309859155,13,4.893762575452716,0.09535190943641647
1339SCN_0_processed,230,116,211,22,28,0,6,12,116,100,3.637931,0.027436281859070464,8,3.5686656671664143,0.08953845453426545
1340SCN_0_processed,414,222,377,19,25,3,6,9,222,179,3.3963964,0.014226896579837757,11,4.19367331132037,0.041433162631908604
1344SCN_0_processed,375,201,348,20,26,1,6,10,201,171,3.4626865,0.015970149253731344,12,4.105024875621893,0.05779622462201494
1346SCN_0_processed,205,114,190,12,15,1,3,7,111,98,3.3333333,0.02701443875174662,9,3.811466011466012,0.05810802114981681
1347SCN_0_processed,248,126,231,19,28,0,9,10,125,101,3.6666667,0.025777777777777778,11,3.759354838709678,0.11615568138677382
1348SCN_0_processed,284,138,257,24,30,1,6,8,136,112,3.7246377,0.02390775415212102,10,3.8075163398692826,0.05268578777645771
1349SCN_0_processed,139,84,126,9,13,0,4,4,79,63,3.0,0.032415375788869764,10,3.7737747484582944,0.0519047619047619
1350SCN_0_processed,188,92,174,28,31,2,3,6,91,74,3.7826087,0.03368370759675107,9,3.8529914529914535,0.05408819654343951
1351SCN_0_processed,385,207,353,21,27,1,6,8,207,156,3.410628,0.015243187467754795,11,4.005909666525957,0.0661963960552824
1354SCN_0_processed,354,183,326,24,26,9,5,10,183,162,3.5628414,0.017474328949738785,8,3.716747733141177,0.049869891716311045
1355SCN_0_processed,235,144,218,6,11,2,5,4,142,129,3.0277777,0.019910644910644912,9,3.903805813605035,0.052556827250454706
1359SCN_0_processed,307,175,285,12,23,0,11,16,173,147,3.2571428,0.01720853858784893,9,3.7502352466729407,0.07771199871461396
1360SCN_0_processed,651,228,612,114,129,3,16,54,227,213,5.368421,0.018548574078367727,7,3.1343807258976244,0.19622747584959824
1361SCN_0_processed,465,206,428,58,72,5,14,42,206,181,4.1553397,0.016623253611176888,10,3.6203173099692183,0.11439251080397286
1364SCN_0_processed,523,216,481,73,78,2,5,23,215,179,4.453704,0.017269595176571922,10,3.605172788524232,0.09080364775043819
1366SCN_0_processed,246,147,225,11,13,0,2,5,147,119,3.0612245,0.01975584754449725,11,4.0577765352716435,0.04021937057651343
1367SCN_0_processed,279,131,254,26,37,2,11,17,129,113,3.8778627,0.02524955960070464,10,3.4212693798449614,0.10907316028172041
1370SCN_0_processed,1068,362,985,188,204,9,16,82,361,316,5.441989,0.011814940083561622,9,3.425438596491229,0.12742198967581977
1373SCN_0_processed,306,174,279,17,21,2,4,4,174,150,3.2068965,0.01700883662215135,12,4.179323632981198,0.03379249215963212
1374SCN_0_processed,491,257,451,32,36,5,4,12,255,217,3.5097277,0.012463521400778211,10,3.9575111934537617,0.07317669635812385
1375SCN_0_processed,229,151,205,3,6,0,3,1,148,109,2.715232,0.017571743929359823,12,4.96837653980511,0.014590560285924526
1376SCN_0_processed,354,156,324,31,39,1,8,21,156,143,4.1538463,0.02349048800661704,7,3.4442514474772565,0.10186446962961214
1378SCN_0_processed,333,191,306,22,26,1,4,5,188,139,3.2041886,0.01537613667677046,13,4.564626237342131,0.05419229694098804
1382SCN_0_processed,228,150,207,9,11,0,2,4,149,102,2.76,0.017539149888143177,14,5.022945764556503,0.030751322751322748
1384SCN_0_processed,523,197,484,86,102,8,17,50,197,173,4.9137053,0.019372215891432714,8,3.367605925618978,0.13114661025581195
1387SCN_0_processed,435,222,392,33,37,4,5,18,222,171,3.5315316,0.014308426073131956,11,4.098691451632628,0.06492986889845971
1388SCN_0_processed,147,83,128,6,11,1,5,5,79,54,3.0843372,0.034087569791360565,10,3.5264524505030814,0.10948065767342877
1391SCN_0_processed,413,171,377,54,60,3,6,17,171,151,4.4093566,0.021603027175782594,8,3.3499140006879955,0.08921347919111935
1392SCN_0_processed,172,80,155,19,21,0,2,3,80,68,3.875,0.04240506329113924,9,3.483860759493671,0.06154761904761905
1396SCN_0_processed,574,275,528,57,61,2,4,23,272,234,3.84,0.012342402123424022,10,3.8911981766876504,0.11571130097674011
1397SCN_0_processed,356,201,331,12,15,4,3,12,200,175,3.2935324,0.015522388059701492,10,3.95,0.06737705925590035
1398SCN_0_processed,783,297,714,118,127,4,10,48,297,258,4.8080807,0.013263263263263263,10,3.4785922285922295,0.12667260759295923
1401SCN_0_processed,497,241,454,45,49,3,5,13,241,195,3.7676349,0.013900414937759335,11,3.9939834024896284,0.0466229081279069
1402SCN_0_processed,381,216,352,17,26,0,9,11,215,167,3.2592592,0.014039621016365203,12,4.447381004129535,0.047463752270038816
1403SCN_0_processed,193,108,175,18,16,4,1,3,108,76,3.2407408,0.02682589131187262,11,4.475770162686051,0.052389074538197335
1404SCN_0_processed,259,166,233,5,10,0,5,2,165,128,2.8072288,0.0162833150784958,12,4.662527716186251,0.029476445487859562
1407SCN_0_processed,337,155,310,43,49,2,6,6,154,136,4.0,0.021700879765395895,11,3.7062218826924704,0.052622930489195634
1410SCN_0_processed,481,230,450,50,60,0,10,24,230,187,3.9130435,0.014809189291816974,11,3.943725080691097,0.0992135360248672
1411SCN_0_processed,265,152,235,12,20,2,8,5,145,128,3.0921052,0.018560474032764028,9,4.224904214559387,0.044532529643332965
1416SCN_0_processed,224,144,208,6,9,1,3,3,144,109,2.8888888,0.019230769230769232,12,4.782536907536905,0.01812635666802333
1417SCN_0_processed,401,192,363,32,39,3,7,16,191,156,3.78125,0.0175065445026178,11,3.865527693579499,0.08465361657581334
1419SCN_0_processed,534,236,503,55,62,5,9,15,236,216,4.262712,0.01572304363505229,9,3.7399927875946615,0.04548074130276366
1422SCN_0_processed,304,158,263,27,32,2,5,6,155,119,3.329114,0.01846327501410949,11,4.11948051948052,0.06180673091066162
1423SCN_0_processed,190,109,175,7,8,0,1,6,109,93,3.2110093,0.028372409106354062,8,3.6846755011892625,0.10041041334960159
1426SCN_0_processed,316,177,291,16,24,2,8,6,177,144,3.2881355,0.017013353877760658,11,4.327362609142271,0.07090309314426435
1431SCN_0_processed,333,183,306,29,35,1,6,7,180,142,3.3442624,0.016213294901819494,12,4.216945996275608,0.036130689833259955
1432SCN_0_processed,279,169,255,14,17,1,3,4,164,130,3.0177515,0.016694843617920542,13,4.657863235074067,0.0364160805456352
1434SCN_0_processed,265,154,238,15,21,1,6,5,154,111,3.090909,0.01833460656990069,15,4.761904761904761,0.07922858767014612
1436SCN_0_processed,338,189,302,17,25,1,8,7,188,154,3.1957672,0.015535292131036813,11,4.291045625213337,0.05019947424709329
1439SCN_0_processed,332,193,306,17,22,0,5,7,192,161,3.1709845,0.015328151986183074,13,4.381162739965094,0.0506610610462132
1441SCN_0_processed,339,191,312,18,23,2,5,12,187,162,3.2670157,0.01581702948470653,10,4.014145247541833,0.06252950097673161
1442SCN_0_processed,368,152,333,38,45,1,7,18,152,127,4.381579,0.025008713837574068,6,3.230045311955383,0.1100880232954725
1445SCN_0_processed,211,138,187,3,6,0,3,1,134,103,2.710145,0.019147360626256216,13,4.623162383570869,0.016464493638406685
1446SCN_0_processed,264,164,237,10,13,0,3,2,164,134,2.890244,0.016758940595540926,11,4.515487056711058,0.022945570689473126
1447SCN_0_processed,454,224,408,33,38,2,5,13,224,188,3.642857,0.014734144778987828,10,4.026825752722616,0.05431719223501668
1448SCN_0_processed,235,147,207,5,9,0,4,3,145,98,2.8163266,0.018451216102879506,12,4.576819923371649,0.038167221214353106
1450SCN_0_processed,302,145,273,29,33,2,4,9,144,127,3.7655172,0.022796934865900384,9,3.900641025641026,0.08381002139622828
1451SCN_0_processed,247,123,225,22,28,1,6,8,122,101,3.6585367,0.02612288417966147,10,3.601138057173825,0.13704214152224423
1452SCN_0_processed,326,178,305,23,32,1,9,13,177,148,3.4269662,0.017266552402716944,11,3.7287493579866458,0.09803175673495222
1457SCN_0_processed,392,174,355,27,34,12,9,24,173,160,4.0804596,0.020530197329081123,8,3.615741363086435,0.112200596635099
1458SCN_0_processed,412,222,377,26,29,1,3,7,222,167,3.3963964,0.014145367086543558,12,4.333170274346746,0.020586910420670006
1460SCN_0_processed,279,159,246,15,20,3,5,3,155,103,3.0943396,0.017753363585701776,12,4.399162128194387,0.02030663257078351
1462SCN_0_processed,172,92,155,11,16,0,5,7,90,77,3.3695652,0.033205924510272336,8,3.7220973782771525,0.10467241092241093
1464SCN_0_processed,413,203,379,30,38,2,8,19,202,180,3.7339902,0.01653416573184412,10,3.8486774050539405,0.07823013239960168
1465SCN_0_processed,383,208,349,15,17,1,2,7,208,171,3.3557692,0.015375325157933854,11,4.182831661092534,0.05156498671339808
1467SCN_0_processed,664,270,607,74,89,5,15,22,270,225,4.4962964,0.01412639405204461,9,3.6904034145669846,0.060596002592993845
1472SCN_0_processed,689,289,629,83,92,3,9,32,288,259,4.352941,0.012831603229527104,8,3.604045683313979,0.0877338772117328
1475SCN_0_processed,361,193,332,23,31,1,8,8,192,170,3.4404144,0.016191709844559584,10,3.9765488656195456,0.06576531267165224
1478SCN_0_processed,524,235,479,44,56,2,12,44,235,197,4.076596,0.01531187488634297,12,3.7187852336788505,0.1267475209386552
1479SCN_0_processed,86,62,76,2,4,0,2,0,52,18,2.451613,0.03807509254362771,11,4.355203619909502,0.019393241167434717
1480SCN_0_processed,261,154,236,8,15,0,7,9,152,115,3.064935,0.01875901875901876,11,4.312391077030326,0.04166789696346346
1481SCN_0_processed,655,218,602,93,115,6,24,66,218,196,5.522936,0.02033568680505644,7,3.1374878450936476,0.16559438959539122
1482SCN_0_processed,573,244,519,62,74,4,12,24,244,206,4.2540984,0.014875531268973893,11,3.7653646360385897,0.07615115497940114
1484SCN_0_processed,312,163,279,20,28,4,8,9,161,132,3.423313,0.018707869423615846,11,4.114363354037269,0.0609398917236247
1485SCN_0_processed,368,167,332,39,53,0,14,35,167,141,3.976048,0.020128417863069042,9,3.404011254599235,0.1761156406890111
1489SCN_0_processed,272,161,238,10,15,1,5,5,159,106,2.9565217,0.017236024844720498,12,4.410476872860442,0.03154793446718912
1493SCN_0_processed,295,141,269,23,28,3,5,17,141,126,3.8156028,0.024113475177304965,7,3.5926038500506583,0.11896898239201117
1494SCN_0_processed,529,234,485,49,54,0,5,21,234,204,4.145299,0.015810131689960018,10,3.633469058361763,0.07524131363077238
1495SCN_0_processed,381,208,349,26,30,1,4,14,206,167,3.3557692,0.014771460423634336,11,4.070992185650012,0.056031324737868475
1496SCN_0_processed,365,188,337,20,29,3,9,17,187,164,3.5851064,0.01735123449766754,10,3.6705767350928653,0.0756108983868611
1503SCN_0_processed,293,132,273,35,39,1,4,23,129,112,4.1363635,0.026948878093916263,9,3.287911821705426,0.17001054683295047
1507SCN_0_processed,266,117,239,31,36,2,5,14,117,95,4.08547,0.02961980548187445,8,3.448128499852638,0.15770303838115016
1508SCN_0_processed,519,255,466,40,44,0,4,21,254,195,3.654902,0.013030724100663887,8,3.699480252715449,0.09798312538387832
1517SCN_0_processed,382,208,342,24,28,2,4,7,203,172,3.2884614,0.014492753623188406,10,4.119689801492466,0.04017184779463519
1526SCN_0_processed,202,108,182,18,20,1,2,3,107,81,3.3703704,0.027864312911041883,13,4.132604478927881,0.03740633148527886
1527SCN_0_processed,273,164,250,12,14,0,2,6,164,129,3.0487804,0.01765674098458776,10,4.140879844381263,0.07564747808650248
1528SCN_0_processed,457,221,427,29,43,0,14,38,217,206,3.8642533,0.015795968737145206,8,3.333290663935825,0.14969711517962167
1535SCN_0_processed,183,96,168,10,11,0,1,4,94,86,3.5,0.03442982456140351,6,3.178677648135438,0.058073542347735894
1536SCN_0_processed,419,221,387,32,36,0,4,8,219,177,3.5022624,0.014438502673796792,10,4.046667504503372,0.05074056889580193
1540SCN_0_processed,246,101,230,44,47,2,4,11,101,90,4.5544553,0.03584158415841584,8,3.315643564356435,0.13863977415419512
1541SCN_0_processed,401,201,375,36,50,1,14,26,198,178,3.7313433,0.016119402985074627,9,3.488796595395581,0.12480983401545066
1543SCN_0_processed,471,243,433,20,31,4,11,16,240,216,3.563786,0.01353603373805394,9,4.047629009762902,0.05015662951787481
1544SCN_0_processed,231,136,213,19,21,3,2,6,134,104,3.1323528,0.020588235294117647,14,4.266748961957132,0.09008607453676656
1547SCN_0_processed,741,281,709,112,138,2,27,114,281,269,5.046263,0.014463650228774784,7,2.958032536858161,0.25981729081075733
1549SCN_0_processed,207,117,189,6,7,0,1,4,117,96,3.2307692,0.02681992337164751,10,4.048482169171825,0.07201611025140438
1551SCN_0_processed,380,166,353,52,58,0,6,9,164,150,4.253012,0.02154070828769624,9,3.7240760137662727,0.036466902670205595
1556SCN_0_processed,390,203,360,31,37,0,6,7,203,168,3.546798,0.01575379212798127,11,3.9995610398478276,0.06167656305221312
1559SCN_0_processed,364,172,340,42,46,2,5,7,172,149,3.9534883,0.019855841153270774,8,3.685366517067863,0.05018441453850857
1563SCN_0_processed,69,49,60,5,5,0,0,1,40,30,2.4489796,0.0467687074829932,10,4.217948717948717,0.07103984450923227
1566SCN_0_processed,221,114,206,15,21,0,6,16,114,105,3.6140351,0.02872224809812141,8,3.329607203850334,0.12898565859092173
1569SCN_0_processed,334,187,309,23,27,0,4,4,187,154,3.304813,0.01621528376746593,11,4.0024725432695085,0.045479653669741854
1573SCN_0_processed,398,200,368,26,34,0,8,10,200,168,3.68,0.01678391959798995,10,3.8580904522613078,0.061797903240550296
1577SCN_0_processed,355,179,336,27,38,1,11,24,179,160,3.75419,0.018642897495449125,8,3.4677672462494495,0.13830305586132607
1580SCN_0_processed,414,201,391,41,52,0,11,16,201,189,3.8905473,0.016865671641791046,8,3.504825870646767,0.09399688980731137
1581SCN_0_processed,390,171,368,40,53,2,13,29,171,161,4.3040934,0.02153422772617819,10,3.2861369109047125,0.15271666489894328
1584SCN_0_processed,291,161,272,17,22,0,5,8,160,149,3.378882,0.019409937888198756,8,3.546305031446539,0.08116309109351734
1586SCN_0_processed,453,219,418,31,42,2,11,39,219,191,3.8173516,0.015667546395207572,10,3.630807255665871,0.12511039554280656
1588SCN_0_processed,277,160,260,11,18,2,7,19,160,139,3.25,0.018867924528301886,10,3.6540880503144657,0.10316786438535666
1594SCN_0_processed,204,124,189,8,14,0,6,8,119,107,3.048387,0.022947810123262524,9,3.560461472724684,0.09080932508351863
1597SCN_0_processed,772,309,736,100,116,3,16,60,306,291,4.763754,0.012965998402891607,7,3.2904960891460395,0.13177215878777943
1603SCN_0_processed,496,240,467,54,64,1,10,21,238,217,3.8916667,0.01401673640167364,8,3.512569584795942,0.09037683415145051
1604SCN_0_processed,464,212,440,41,55,1,14,35,212,200,4.1509433,0.017168917106322096,7,3.25646069927569,0.11102667099018959
1605SCN_0_processed,273,150,257,21,32,2,11,12,149,137,3.4266667,0.019955257270693513,8,3.515508797387992,0.08942661321906603
1606SCN_0_processed,358,188,337,25,35,0,10,21,188,168,3.5851064,0.017180566617362614,9,3.6190124018659695,0.10479398308839713
1607SCN_0_processed,454,211,422,47,54,1,7,9,209,186,4.0,0.016565109456104718,9,3.557186234817815,0.08798482150315526
1611SCN_0_processed,365,195,339,21,31,1,10,18,194,176,3.476923,0.016230504890298706,10,3.75038726563752,0.0778928144086515
1616SCN_0_processed,611,261,573,65,91,1,26,56,259,241,4.390805,0.014176245210727969,7,3.294753224985784,0.14786179933378932
1618SCN_0_processed,398,158,382,63,75,0,12,40,158,146,4.835443,0.024752076110618398,8,3.197210352334114,0.1669798552832774
1624SCN_0_processed,333,194,314,13,20,1,7,11,193,179,3.2371135,0.015650873350782545,9,3.9132664075993095,0.0758164576124424
1626SCN_0_processed,339,190,310,8,16,1,8,14,187,162,3.2631578,0.016318574213311055,10,3.8164567879937903,0.07037959232211309
1628SCN_0_processed,374,194,343,20,26,1,6,15,190,173,3.5360825,0.016879440200843972,10,3.867167919799501,0.0693535627271384
1631SCN_0_processed,246,153,227,9,12,0,3,4,151,125,2.9673202,0.01848985208118335,10,4.012097130242826,0.02683808566161507
1633SCN_0_processed,447,212,422,45,56,1,11,20,210,196,3.981132,0.016319413395332202,10,3.696149464570514,0.09890620731323936
2176SCN_0_processed,412,208,381,26,38,5,12,19,207,172,3.6634614,0.01570048309178744,10,3.6832700154776994,0.049281136523980876
